S=8.3637733062744146e-05
a={0,0.91605427891412128,0.70077476706721997,-0.17185494518757066,-0.12607225101614711,-0.01003806520575962,0.013515460358236276,0.0030966974952061719,-0.00067146293125298375,-0.00039572742238308821,-7.08492076701761e-06,3.054250092889854e-05,5.5010612816323603e-06,-1.4774871142251427e-06,-6.4082427465108239e-07}
E={
{0.51843677280772194,-0.24746781526851933,0.56100671468055674,0.55984524719428386,-0.11148340388668913,-0.16934817707449332,-0.017992573175840187,0.01898165297499203,0.0058948507977757917,-0.00099896660090207051,-0.00078390933920436323,-4.2270494182469252e-05,6.5509456165904244e-05,1.4906325370269668e-05,-3.152687733908557e-06},
{0.43077507192138237,0.90245932728911826,-7.7590088482264088e-17,-1.2238648049365362e-16,2.7004068272860195e-17,2.0074801210721799e-17,5.6028770281114128e-18,-3.5525778584451034e-18,-1.3498313570873957e-18,2.4048279002778295e-19,1.6075993917141267e-19,6.7087310562330208e-21,-1.6241896728133131e-20,-3.4624443426312041e-21,6.3870982811958043e-22},
{-0.63052385717736514,0.30097086008255164,0.71544126726891211,1.3534363886223665e-16,-2.6275396876711479e-17,-5.5975493134585545e-17,-5.9252420362941723e-18,5.1465651002245532e-18,2.0389412855018387e-18,-3.8646097163487219e-19,-2.3192550953134426e-19,-1.5595046134009358e-20,2.4425564289908621e-20,4.7058062544479963e-21,-1.3374793263513467e-21},
{-0.36927323237828491,0.17626689472448109,-0.39959503990054507,0.82029937569156042,-5.9361887392593331e-17,-6.4520619173259964e-17,-7.2559127305466604e-18,1.0745847837918415e-17,2.0569947523514678e-18,-4.2444852465363898e-19,-2.8507586336463306e-19,-1.6002880441422792e-20,2.1500860741180054e-20,7.4664783057364381e-21,-1.432835218735724e-21},
{0.059932708633335975,-0.028607956160773849,0.064853910323920724,0.064719641506404371,0.99357686849038218,1.2321156822996376e-17,1.1219475275153213e-18,-4.7376452888215846e-19,-2.8352770738042142e-19,5.6325367319092455e-20,5.5870032877459789e-20,4.324673206218874e-21,-5.6444315307988891e-21,-1.3021138180303208e-21,2.9784344547350731e-22},
{0.089148182662235773,-0.042553513091102599,0.096468328826728122,0.096268607817236965,-0.019170212019633068,0.98554579787296426,2.6025066735012838e-18,-2.6034433111279383e-18,-7.5952206884254895e-19,1.3562595598012002e-19,1.0849931273099246e-19,5.9334974729605689e-21,-1.0171008012234162e-20,-2.3308452821131822e-21,3.7089515369223811e-22},
{0.0093332246502655734,-0.004455071157670608,0.010099595501422906,0.010078686033688479,-0.0020069943102524884,-0.0030487123283891764,0.9998380563091841,-2.9820932710764e-19,-8.8126326164663909e-20,1.3558707539438691e-20,9.3222204612111989e-21,7.4141594250419835e-22,-1.1650765213384367e-21,-2.1185067032931626e-22,4.6341663996250464e-23},
{-0.0098429182553861246,0.0046983655563923961,-0.010651141128392581,-0.010629089780719541,0.002116597604267266,0.0032152045361587538,0.00034160274938585582,0.99981982564177363,5.4211050531089344e-20,-1.185878641488252e-20,-6.776525457672075e-21,-4.2353070752794371e-22,6.3529677163319862e-22,1.8529347744864507e-22,-2.6470841386232327e-23},
{-0.0030561654711905167,0.0014588135562966715,-0.0033071136933965775,-0.0033002668858134014,0.00065719051471614925,0.00099830119800563516,0.00010606554890014635,-0.00011189613748677232,0.99998262518796854,-3.8116501645341643e-21,-2.1175860036801957e-21,-1.3234912924938589e-22,3.4410749411341473e-22,5.9557086033264517e-23,-1.3234907130391285e-23},
{0.00051790160065619685,-0.00024721235907776109,0.00056042759840975356,0.00055926732988367453,-0.00011136832174698238,-0.00016917336225996739,-1.7973999794083642e-05,1.8962058585483133e-05,5.8887656584688708e-06,0.99999950103243085,4.7645617922502902e-22,3.3087240319646066e-23,-6.6174473705536577e-23,-1.1580534229986072e-23,2.0679527275375028e-24},
{0.00040640755542710249,-0.00019399239237118164,0.00043977854089465761,0.00043886805539948754,-8.7392908876634441e-05,-0.00013275365921314872,-1.4104550571586217e-05,1.4879899706483934e-05,4.6210300425970894e-06,-7.8309949355483965e-07,0.99999969274302469,1.3234889812672599e-23,-3.639594706707877e-23,-4.9630837197497836e-24,8.2718062207100543e-25},
{2.1914578707658766e-05,-1.0460586902321584e-05,2.3714031197690163e-05,2.3664935392802585e-05,-4.7124586009616695e-06,-7.1584311726165451e-06,-7.6055496387695033e-07,8.0236385599947601e-07,2.4917825770371067e-07,-4.2226812120655765e-08,-3.3136235341921166e-08,0.99999999910660253,-1.2407709214918952e-24,-1.0339757779223033e-25,2.5849394403526918e-26},
{-3.3962511123799194e-05,1.6211482035354169e-05,-3.6751244871534048e-05,-3.6675157767973006e-05,7.3032171775070591e-06,1.1093907009217328e-05,1.1786836865772995e-06,-1.2434777664784909e-06,-3.8616847085970242e-07,6.5441758908609417e-08,5.1353474616763767e-08,2.7691170923422174e-09,0.99999999785425553,7.2378303606432654e-25,-5.1698788318835767e-26},
{-7.7279872203198652e-06,3.6888357735088311e-06,-8.3625486249466154e-06,-8.345235412687149e-06,1.6618078919213184e-06,2.5243590286399871e-06,2.6820315003992318e-07,-2.8294669534502606e-07,-8.7870564011475457e-08,1.4890921188880977e-08,1.1685207672387699e-08,6.3009773992224439e-10,-9.7650526855658265e-10,0.99999999988890065,-6.4623485356028548e-27},
{1.6344692544461658e-06,-7.8018874573808725e-07,1.7686789880225195e-06,1.7650172437251955e-06,-3.5147235996968527e-07,-5.3390192062518301e-07,-5.6724964753205422e-08,5.9843224503863684e-08,1.8584623803461182e-08,-3.1494297492639365e-09,-2.4714213582182418e-09,-1.332656685159862e-10,2.0653085891029308e-10,4.6994989152732679e-11,0.9999999999950302}
}
B={
{1,0,0,0,0,0,0,0,0,0,0,0,0,0,0},
{0,0.88650003636296082,-0.15613641273819817,0.39356561797526052,-0.1433744460380601,-0.11847952641524823,-0.0072515417112031877,0.01354982120038885,0.0039071340878228146,0.00031934029476641629,-5.3813982929376755e-05,-0.00016543700009667454,-4.696092076592488e-06,7.9161908306838712e-06,-5.8625885639145653e-07},
{0,0.23665304280410562,0.9203031478712187,-0.24473447556350714,-0.072247045501596649,-0.16933675706586554,-0.038756698890881236,-0.039564134199410531,0.013363018423056599,0.0011631156278308378,0.00014973623636054074,-0.0007519365397010417,5.4194815356618129e-05,-2.5365614713684826e-05,-3.1697483318293787e-06},
{0,-0.35736990787201767,0.27882265242371268,0.83702672067916362,-0.00067993374951625903,-0.25100644074733236,0.10780744855681429,0.13883863613151443,-0.0048166629946586577,0.0019397560501663641,0.00079651760943464408,-0.00019214561510832843,5.8253561796856248e-05,-1.3555036738619066e-05,-4.990461906502889e-06},
{0,-0.16445845807350518,-0.16539430085178577,-0.1358863766997975,-0.7745628439754173,-0.53736792829822055,-0.11226939870647362,-0.15947116342269546,0.019028774443128334,0.0041862506124187579,0.0023920256396747562,-0.00043669202131614847,0.0003192769988110855,-0.00020089532228318845,-1.5060320547612869e-05},
{0,0.04628588213347648,-0.15226300622794064,-0.21404098229840768,0.51381844892895379,-0.7554706214863387,0.076929385174037371,0.2937344435208572,0.04330482178988012,0.0041788099379089496,-0.00094345938250011113,-0.004802864664026134,0.00010949272464362371,1.6951290953385917e-05,-6.8845467527363936e-07},
{0,0.034540728676103603,0.0031588742867276472,-0.1212946100926955,-0.19910087253582415,0.049606196335945693,0.89271465922365856,0.19785605371900214,-0.32355093625442288,0.010443871296874485,0.0251027855478387,0.021646197031095875,0.0013763696756487372,-0.0011221684432438524,-0.0001415989434688752},
{0,0.00091992083385336587,0.018850110407774946,-0.073805956786499233,-0.26280182032458449,0.17664107102341292,-0.20936085157952863,0.89616214890242829,0.1959861325015107,0.018679605040610545,0.087774029586521515,0.021022428669399833,0.0060609008585914949,-0.0069349680405097723,-0.00073275714762240302},
{0,-0.0040130818826085201,0.0037805924718032581,0.0060239096657591501,0.015006375123649543,-0.026081236405942891,-0.34659065485545565,0.14001154581888264,-0.89841560423110323,-0.18642145394761195,-0.11993966440988323,0.052852632945331365,-0.012060310342952213,0.0084530881077312606,0.0004376232955665691},
{0,-0.00084201233679298559,-0.0014703600083333717,0.01094399949038086,0.036293648556412504,-0.020396019512124677,-0.063547529172763392,-0.06647384389910134,-0.14332717083788096,0.33645446905476983,0.83474822485058353,0.39520323152112397,0.020434939479116551,-0.050332443280695839,0.001284004005634092},
{0,0.00025699069057687988,-0.0006343608721700759,-0.00039598144730584417,0.00056596986996110168,-0.0043342895521177221,0.056129141013333411,-0.030434564173999312,0.14520880321868379,-0.90811682568035057,0.25736678658202244,0.28827692643161817,-0.02686607358938381,0.0085019202823371307,0.0025380824687797291},
{0,0.00012767406589913547,2.6391476011351316e-05,-0.0016592706018790288,-0.0040988413686886809,0.0022244835003943811,0.014523775789862088,0.007189990347349972,0.075066904160259046,0.16231033476035361,-0.45301070671196403,0.86268894585809996,-0.12402024387194314,0.049998190364113688,0.020035031087960321},
{0,-1.8052034474683573e-06,6.4233480026732142e-05,-0.00029158812234146445,-0.0010593912635972231,0.00067610769937450558,-0.0012375645968422996,0.0031133152553635859,-0.0057140388661284427,0.017992915042982519,0.085604386184999992,-0.10878909273618081,-0.84158154429137022,0.36621955947806056,0.3716063411961037},
{0,-1.1687245584694543e-05,8.4269612896172469e-06,7.5294393699912516e-06,2.3522518565614145e-05,8.4662427894420793e-05,-0.0015522879813126939,0.00077381082120497532,-0.0017710794642738549,0.013873446572478638,0.039522499665279175,0.0076489461372320974,0.22580560044565581,0.89622909656878103,-0.37942861951270307},
{0,-1.8062395289877823e-06,-4.1037596469343366e-06,6.9597748569093272e-05,0.0002334238115024008,-0.00010518545815067372,-0.00042204049726649029,-0.0002632432739380982,0.00030007831803465233,-0.0031927554347402744,-0.011030598050011905,0.02927866172052997,0.47333681590016857,0.23964627037789013,0.84707284699599417}
}
r={[0, 0],[-2.2920000000000002e-06, 2.2920000000000002e-06],[-3.1833333333333334e-08, 3.1833333333333334e-08],[-2.1222222222222225e-08, 2.1222222222222225e-08],[-1.5916666666666667e-08, 1.5916666666666667e-08],[-1.2733333333333335e-08, 1.2733333333333335e-08],[-1.0611111111111112e-08, 1.0611111111111112e-08],[-9.0952380952380961e-09, 9.0952380952380961e-09],[-2.3875e-08, 2.3875e-08],[-2.1222222222222225e-08, 2.1222222222222225e-08],[-1.9100000000000002e-08, 1.9100000000000002e-08],[-1.7363636363636365e-08, 1.7363636363636365e-08],[-1.5916666666666667e-08, 1.5916666666666667e-08],[-1.4692307692307694e-08, 1.4692307692307694e-08],[-2.3875000000000004e-07, 2.3875000000000004e-07]}
iterations=2
