S=8.3637733062744146e-05
a={-3.3881317890172014e-21,0.69457347466400499,-0.6027698476826524,-0.095688721563684534,0.081547729006281044,-0.012129284163866457,-0.0065261892373499521,0.0019721942728694077,0.0001221088204359467,-0.00017595362894263808,1.9693476505086642e-05,8.5172061971341436e-06,-2.7515127143862597e-06,-1.1291866142114328e-07,1.9097837373701012e-07}
E={
{-0.46239262774859086,0.35354981146387909,0.56031343007321543,-0.57249298615642485,-0.012396748204171514,0.13641366505697139,-0.024963581493970814,-0.0094549962133684325,0.0045955522802659417,3.6428897986307395e-05,-0.00039859252448943877,7.0894872953399497e-05,1.8974439285447622e-05,-8.6157785964467485e-06,1.0535682773401311e-07},
{0.60740181006233662,0.79439476403926368,3.8525740698505876e-16,-3.4239999658389761e-16,-7.1592982209972652e-18,8.182299644108762e-17,-1.3173669501911775e-17,-5.5222624329861252e-18,3.0305546072979527e-18,2.2205071054267158e-20,-2.5690816043923551e-19,4.1884717843574593e-20,1.2271449440226158e-20,-5.1313667267553425e-21,6.2819975240995605e-23},
{0.55092454058185858,-0.42124215604805104,0.72044236171442444,-1.3606912025005867e-16,-4.454610038440661e-18,4.5865813017631257e-17,-8.1771662058611953e-18,-2.7498801178694934e-18,1.0385880599756337e-18,9.0054864709834002e-21,-1.4207956365814551e-19,1.4457084265646576e-20,5.8374712369295082e-21,-3.0569045584261465e-21,3.2057969863779984e-23},
{-0.33088810150612252,0.25300019698137804,0.40096021432702172,0.81592577550650203,3.4697188333749916e-18,-2.8023662495086719e-17,8.7728972365311206e-18,2.2071275738745705e-18,-1.3199246835211863e-18,-6.9260505235597908e-21,1.2361167159744414e-19,-2.0620297060134634e-20,-4.3131840609079809e-21,1.7294923555998307e-21,-2.3594264611872313e-23},
{-0.0058456846237122488,0.0044696661939741776,0.0070836241887908121,-0.0072376012192333699,0.99992164165615383,-6.5666435554388361e-19,5.6464839481439573e-20,2.1190081707078497e-20,-1.3971737986245841e-20,-2.9793994197245463e-23,1.7304384468004764e-21,-2.711671528688956e-22,-6.7905920225710839e-23,4.7108328461977605e-23,-4.232044147365273e-25},
{0.063719084486049349,-0.048720219473184237,-0.077212863369688772,0.078891242557625502,0.0017083089105896594,0.99064506547268383,-1.7352643114648166e-18,-7.5938506802603848e-19,3.7970684042857441e-19,2.966518485618128e-21,-1.6961484149120761e-20,5.9329349188645528e-21,8.4802437413699838e-22,-6.3572489060933557e-22,4.96858864000835e-24},
{-0.011547852939842286,0.0088295984509374238,0.01399333964775526,-0.014297513447424788,-0.00030959798362499493,0.0034068124112033031,0.99968832673822972,1.355313298690277e-19,-4.7440235021928257e-20,-4.2357109767604941e-22,4.2357627534127782e-21,-8.4713937436094615e-22,-1.3237738295622858e-22,7.9422273061575262e-23,-1.2409290835882711e-24},
{-0.0043722090413427783,0.0033430327161009066,0.0052981109514658844,-0.0054132762072050047,-0.00011721894193131139,0.0012898757980395017,-0.00023604614382299505,0.9999552995728217,-2.0329005400428799e-20,-1.3235230139405135e-22,1.694103268722034e-21,-3.7058358678135052e-22,-6.6176235067941992e-23,3.9705480412541671e-23,-6.2039537675364005e-25},
{0.0021249722857287563,-0.001624774068400271,-0.0025749772785620029,0.0026309496656117628,5.6970515501698489e-05,-0.00062690285321408406,0.00011472267428982793,4.3451395436179686e-05,0.99998944039211757,-2.6469779619258959e-23,2.1175825401959247e-22,-2.6469785720484652e-23,-1.6554481300257391e-30,-3.308721698642024e-24,-5.1698797473544629e-26},
{1.6844456645207497e-05,-1.2879432140000733e-05,-2.0411604152407553e-05,2.0855292031689757e-05,4.5159995020564496e-07,-4.9694003082492133e-06,9.0939591366695843e-07,3.4443514934948263e-07,-1.674109328313355e-07,0.99999999933646744,4.1359033913129882e-24,2.0679503678491085e-25,-5.1698819295844936e-26,-1.0339756248736441e-25,-1.7214986198097779e-34},
{-0.00018430626044691522,0.00014092232384822678,0.0002233367635591443,-0.00022819144397766589,-4.9412515816647922e-06,5.4373471746133499e-05,-9.9502978127436208e-06,-3.7686911296803012e-06,1.831752940327217e-06,1.4520287645479089e-08,0.99999992056199605,-1.1580528604844994e-23,-4.1359030790875827e-24,2.0679516089567328e-25,-6.4623486305240236e-27},
{3.2781266695441586e-05,-2.5064869040304094e-05,-3.9723349556201278e-05,4.0586817639894139e-05,8.7886589156031664e-07,-9.6710294818251396e-06,1.7697899436930225e-06,6.7031075729724474e-07,-3.2580109602039732e-07,-2.5826221021834108e-09,2.825816646713923e-08,0.99999999748695834,3.1019272976324487e-25,1.0339757652224974e-25,2.4233807013651657e-27},
{8.7736408434849901e-06,-6.7084094337084946e-06,-1.0631633162448304e-05,1.0862733409931629e-05,2.3522134619684116e-07,-2.5883728059870064e-06,4.7366996152510754e-07,1.7940325164031124e-07,-8.7198027747177255e-08,-6.9121791325270238e-10,7.5630696574811219e-09,-1.3451904628458268e-09,0.99999999981998522,0,-2.0194839173657902e-28},
{-3.9838725054589883e-06,3.046106898501367e-06,4.827536458305705e-06,-4.9324728169255396e-06,-1.0680763784700609e-07,1.1753099357043462e-06,-2.1508069113439327e-07,-8.1462154007649271e-08,3.9594260976637366e-08,3.1386331957422221e-10,-3.4341849413272852e-09,6.1081452901238864e-10,1.6347956788120753e-10,0.99999999996288402,1.5146129380243427e-28},
{4.8716220427186226e-08,-3.7248886581792939e-08,-5.9032845529278096e-08,6.031604492141358e-08,1.3060820650088425e-09,-1.4372111009972783e-08,2.6300837550842967e-09,9.9614840727761033e-10,-4.8417280993463267e-10,-3.8380331296833465e-12,4.1994443938699449e-11,-7.4692589169760999e-12,-1.9990867311464074e-12,9.0773110138024258e-13,0.99999999999999434}
}
B={
{1,0,0,0,0,0,0,0,0,0,0,0,0,0,0},
{0,-0.75739401192920619,0.53392038227488303,0.37587675651099334,-2.7938598061522665e-17,2.3948036995671672e-17,-6.9426193074571699e-18,1.4827121337912934e-18,-9.0893987247936091e-20,1.4973600198323135e-19,1.4156774459009125e-19,-2.1032446377108311e-21,2.427193296600326e-19,-2.9892060027258664e-20,-3.5711653462611242e-20},
{0,0.61377090465121986,0.7382993475109989,0.18802263454343057,-0.013464037371355422,-0.20166401140089643,-0.044591673585126564,0.0016085105213581453,-0.0024686752568425663,-0.00026398777582906444,0.0001115692922195387,6.2654802341778195e-05,-9.5171306424346828e-06,7.1774509990238913e-07,-6.7385779090083987e-07},
{0,0.13175548085392524,-0.39214054005801158,0.82251066057027267,0.27257355933004301,-0.27425786784177092,-0.052785191260634079,0.0063773024185863874,0.0013161345778389458,8.7924751858785605e-05,0.00028160612485063455,8.5474286155925848e-05,8.2774677737415157e-05,-1.091219073401204e-05,-1.0729299861701432e-05},
{0,-0.17572247852369163,0.0041436914420072456,-0.3599678670473761,0.29773896775651648,-0.86515198068870458,-0.043927818887638075,0.018678297397331369,-0.010247758966883489,-0.0026049925566270751,0.00027891423581198529,0.00053807315001602794,-0.00065580755399862237,-1.952340918245161e-05,7.0180543402060685e-06},
{0,0.031304227320735747,0.12517563234560133,-0.11472959262754112,0.89422956266138087,0.34124748681256473,0.21236237652706019,0.07283741952664928,-0.060450399530982121,-0.005780019017746353,-0.00034136392919718856,0.00050284287775169564,-0.00087766362962195298,-3.3185194784553363e-05,1.2448861936442483e-05},
{0,0.019353315093030992,-0.017360691445292419,0.063657333317357748,-0.18724825740676723,-0.13567077606621991,0.93274769204788743,0.23598970247167259,-0.1167352415040278,-0.049224667346165166,0.0056217439213269048,0.0034385688532309927,-0.00056494899090252769,4.3589871479118571e-05,1.0793738107634733e-05},
{0,-0.0068120972279792696,-0.0081256171241865967,-0.0021842506453627793,-0.045227140717055844,0.023866317911232018,-0.27170502537646413,0.7567103813212156,-0.59158365225655274,-0.017309501041352756,-0.021665111051430996,-0.0093116300326646865,0.0025499263925426586,-0.00018912896415646137,-0.00015328408234580444},
{0,-0.00045112488860366679,0.0039032786342822609,-0.0064534964394135632,0.010164950731349048,0.012538045704985377,-0.050322304214217406,0.60258246846691144,0.79097282970517868,-0.013617317977885591,0.077693004802287455,0.022334694594601738,0.04093118248742534,0.0031534258672374438,-0.00078918583297117183},
{0,0.00075256937259653373,0.00011424878876095855,0.001354145396275266,-0.0036159108223532076,-0.006453573466308273,0.042455149864439906,0.040714297117874977,0.014574209340151653,0.9645063545869913,-0.23221976395405181,-0.10978567357342514,-0.0040977758661453678,-0.00068525078746261149,0.0012960981097743585},
{0,-9.4780382270368257e-05,-0.0003393466101663026,0.00029104746688570599,-0.0016865586617947641,-0.00080262995571544701,0.0030593360722785609,-0.025809357264752329,-0.078883659688644386,0.25559869244502015,0.83951964033827986,0.44495609549325793,0.1551643570404114,0.02945681878512257,-0.0066829149956606831},
{0,-4.3420871463477547e-05,5.6383027698410811e-05,-0.00016758353542910319,0.00082036307609394045,-0.00088410506108334307,0.0033924930172704658,-0.023314728452568743,-0.023612318703639043,-0.024173320055838155,0.13160157591034199,-0.5326433823162634,0.83462912335095696,0.021076868632853421,-0.014952598465961735},
{0,1.5396168220004437e-05,1.7409574091252227e-05,6.2936564218560079e-06,0.00021802532201929502,-0.00011734180177089702,0.00058438742088015572,-0.0052709514712317683,0.0019687787975078345,-0.029008341788820887,-0.46619071397617795,0.70944458379400865,0.52319469232438598,0.057921482521627307,-0.037329213875590579},
{0,6.3363072935038814e-07,-7.1517934481531798e-06,1.1435653675083131e-05,2.2805721101433576e-05,5.3008405520026765e-06,-0.00010937911879283178,-0.00025260513490621216,-7.6758524216080117e-05,-0.00435039321863328,-0.0062675628696374245,-0.022382620806265532,-0.023402620109377097,0.81012286469913519,0.585315290325226},
{0,-1.2257054904713755e-06,-1.4668127365772947e-08,-2.4489686333516536e-06,-8.3028974714442387e-06,-4.8648202568604586e-06,9.4105988072197108e-06,-4.2910958738366448e-05,-0.00030263307171297276,0.0019107819781334877,-0.0071586089699815243,0.042914853487968238,0.057772813469665125,-0.58225737818825596,0.80977896523205661}
}
r={[0, 0],[-2.5212000000000005e-06, 2.5212000000000005e-06],[-3.1833333333333334e-08, 3.1833333333333334e-08],[-2.1222222222222225e-08, 2.1222222222222225e-08],[-1.5916666666666667e-08, 1.5916666666666667e-08],[-1.2733333333333335e-08, 1.2733333333333335e-08],[-1.0611111111111112e-08, 1.0611111111111112e-08],[-9.0952380952380961e-09, 9.0952380952380961e-09],[-2.3875e-08, 2.3875e-08],[-2.1222222222222225e-08, 2.1222222222222225e-08],[-1.9100000000000002e-08, 1.9100000000000002e-08],[-1.7363636363636365e-08, 1.7363636363636365e-08],[-1.5916666666666667e-08, 1.5916666666666667e-08],[-1.4692307692307694e-08, 1.4692307692307694e-08],[-2.3875000000000004e-07, 2.3875000000000004e-07]}
iterations=2
