S=8.3637733062744146e-05
a={3.3881317890172014e-21,0.83275499156406074,0.68088693836738745,-0.13961005074912713,-0.11100591287321826,-0.012540402701334788,0.010724558412099881,0.002846406365802359,-0.00039275194536095656,-0.00031635407202168899,-2.0370081869444454e-05,2.0627889619991745e-05,4.9692288017238722e-06,-7.0565954123267821e-07,-4.6511197445681612e-07}
E={
{0.50394196445673334,-0.28343030516464801,0.55721076080523835,0.56910908080756617,-0.072562357753623061,-0.15906528286258376,-0.02254396661494049,0.015237969779545656,0.0057089593452579329,-0.00052184490375876144,-0.00065026983027321214,-7.0884653395019209e-05,4.4973071719709766e-05,1.3843602904284658e-05,-1.3048850544565912e-06},
{0.49021256066033797,0.87160291725695516,-1.5418856386125375e-16,-1.6088277990990129e-16,1.6773561615144459e-17,3.621323091724226e-17,5.4628904887676696e-18,-3.8976374248812066e-18,-1.5962205653591236e-18,1.2346088311080878e-19,1.7427891904750775e-19,1.9864733068206641e-20,-1.1692167287519297e-20,-3.1914214355517502e-21,3.7328889619668266e-22},
{-0.60483148000636866,0.34017324025832141,0.72004239278355009,2.3813871377967379e-16,-2.9286083204430941e-17,-6.4652571971102591e-17,-8.543139297802381e-18,5.2938963527689252e-18,2.1472123696945548e-18,-1.8576890729479121e-19,-2.3190935759526877e-19,-2.5753238552625905e-20,2.0218513399355812e-20,5.8635709620495181e-21,-4.0517055023701574e-22},
{-0.36289981669687987,0.20410446647656078,-0.40125986169010769,0.81586494789402797,-1.7394317642580381e-17,-2.1291491308459646e-17,-9.7246830996189261e-19,7.1192914355206935e-20,4.6036061398500772e-19,-7.0202034777934881e-20,-8.4354921554575849e-20,-7.1076236623369593e-21,6.9864964193344333e-21,1.3352632587726101e-21,-1.1197898421663164e-22},
{0.037648159809368621,-0.021174321997891342,0.041627729480537397,0.042516621227017666,0.99729320322993853,4.3927808684616552e-18,1.5764544497658359e-20,-3.3595402883209235e-19,-1.6665343676263996e-19,1.3920516022370099e-20,2.0787347479165713e-20,8.9701979958871008e-22,-1.0905055588869063e-21,-9.7623135220120045e-24,3.4007411038840664e-23},
{0.081257106651619476,-0.045701148464372822,0.089846326385999223,0.09176484702050626,-0.011700171167994374,0.98725814462506611,6.5068671782241823e-19,-4.3395481491002627e-19,-3.2538745248174518e-19,1.3564604121953552e-20,2.0343846413217453e-20,1.6957075576729455e-21,-1.6951074591420077e-21,-6.355953252684895e-22,2.650000046108849e-23},
{0.011366757420226019,-0.0063929653642166373,0.012568271739069501,0.012836646525679072,-0.0016366938588141813,-0.0035878267971348075,0.99974578498894184,-8.132460541172728e-20,-4.0665318948109161e-20,2.541867019689678e-21,3.3890901613921977e-21,1.0454840093699524e-25,-3.1770368672200989e-22,-7.9429757062567978e-23,4.9650082818808569e-24},
{-0.0076801998409958524,0.0043195477618253172,-0.0084920294366654034,-0.00867336276834876,0.0011058682304468164,0.002424194145979012,0.00034357561192216842,0.99988389153234658,2.7105496030148443e-20,-3.388213002864847e-21,-2.5412011542842136e-21,-1.1211454527934428e-26,1.5882579092607143e-22,-1.3232700133052376e-23,-2.0639591730686997e-28},
{-0.0028770330931450262,0.0016181195952552922,-0.0031811476554078994,-0.0032490758352657322,0.00041426259231825877,0.00090811266979814878,0.00012870477669360493,-8.6994428763950709e-05,0.99998370374736645,1.0587913282340836e-21,4.2351692245973111e-22,5.2939618023593352e-23,-7.9409376288502199e-23,-6.6174564639152468e-24,8.2718170257727829e-25},
{0.00026297969485482769,-0.00014790674407352171,0.00029077776049938177,0.00029698684167179504,-3.7866318040344474e-05,-8.3007454229961397e-05,-1.1764460750169342e-05,7.9518613758470848e-06,2.9791930270642263e-06,0.9999998638388804,-2.6469785198082174e-23,-3.3087236786274053e-24,-3.3087216689108567e-24,4.1359054578583881e-25,1.5509634227415068e-25},
{0.00032769832735131415,-0.00018430621673520505,0.00036233742608610825,0.00037007454630640351,-4.7185122378454914e-05,-0.0001034353771072138,-1.4659664549952641e-05,9.9087941889699582e-06,3.7123648362455431e-06,-3.3934007119828921e-07,0.99999978857454996,0,-3.308722453558414e-24,8.2718061057236671e-25,-1.0339757638998312e-25},
{3.5721751650621735e-05,-2.0090859038235049e-05,3.9497691834408939e-05,4.0341100127744805e-05,-5.1435576032109424e-06,-1.127528749620723e-05,-1.5980212672047729e-06,1.0801382113740263e-06,4.0467760634827824e-07,-3.6990795303798406e-08,-4.6094151750098941e-08,0.99999999748768276,1.4475660734317121e-24,9.0125151877544783e-34,-2.5849394227254193e-26},
{-2.2663818137385763e-05,1.2746731457064124e-05,-2.5059479538875597e-05,-2.5594583538328948e-05,3.2633521233360824e-06,7.1536543829124558e-06,1.0138714286418084e-06,-6.8529830858381241e-07,-2.5674943838848212e-07,2.3468968311579405e-08,2.9244631749269834e-08,3.1879006048012291e-09,0.99999999898871128,-3.1019272973711363e-25,4.5236439754634604e-26},
{-6.976372443424521e-06,3.9236965961222677e-06,-7.7138045073343511e-06,-7.8785201246907484e-06,1.0045244666377651e-06,2.2020366120220797e-06,3.120897217351232e-07,-2.1094840271609287e-07,-7.9032566180163422e-08,7.2242136259654808e-09,9.0020773118168623e-09,9.8129899370420098e-10,-6.2258934633429444e-10,0.99999999990417721,9.6935228033642419e-27},
{6.5758633773364589e-07,-3.6984396918973488e-07,7.2709599395776097e-07,7.4262193390195376e-07,-9.46855361489157e-08,-2.0756191029047238e-07,-2.9417285104029238e-08,1.9883799025607252e-08,7.4495357261337042e-09,-6.8094761565972569e-10,-8.4852738288826104e-10,-9.2496324805574966e-11,5.8684689140103597e-11,1.8064310529648283e-11,0.99999999999914857}
}
B={
{1,0,0,0,0,0,0,0,0,0,0,0,0,0,0},
{0,0.86387068519205368,-0.29337955716160358,0.14878284757114357,0.37614657483190372,0.063444327125524586,-0.001812374086774611,-0.0021786942682379368,-0.00013358739659318229,-0.00023935943921123547,2.893702635919997e-05,-5.5175220342003154e-05,1.0949676056345174e-05,-4.8159893124275893e-06,2.8814086202200305e-07},
{0,0.37509584054646278,0.87840603869024658,-0.28702345938061352,-0.067011299578212918,0.02517638481145908,0.013267127053313893,-0.0040120660033244058,-0.0025522125115417693,0.00017575423124359819,0.00067254699176973176,1.3918898077579347e-05,-9.9192986793453006e-06,1.0287784360710139e-05,-3.0933431833207321e-06},
{0,-0.27944364602599159,0.33102508143187259,0.53550192100962113,0.62821225413118298,0.35576736310241719,0.056002061785983846,-0.034814878412746157,-0.00093978859790164258,0.00052708691816580387,0.00082191958671752835,0.00036747420797395708,-3.8765561919573703e-05,6.174669489330921e-05,-1.5917544647367266e-05},
{0,-0.18374602610740892,-0.10219439993601127,-0.71138913480178478,0.64739773986812887,-0.137051878410587,0.10723491899026073,0.014546062890027946,0.0092313874490667167,0.0015767116020610561,-0.0036178451339990763,-0.00065621154879008875,4.9610415896982775e-05,-8.964436267192786e-05,1.3809987818327269e-05},
{0,0.014616950163624793,-0.14838530539822664,-0.30713833074845837,-0.1816302683542334,0.91527658807342194,0.11238722515910744,0.0043246145259342363,-0.0048478057365289378,0.0015238438294313224,0.0042058925927971067,0.0044089891468510368,-0.0006117385184320691,0.000680569982562496,-0.00015661906530143119},
{0,0.030635543084709435,-0.0067275322013963376,0.075170289737387055,-0.08438287648732784,-0.10589738540015901,0.93760450469218437,-0.25597012744043429,0.16762578750699059,-0.0054855765556478774,-0.047725754999334333,-0.0011345649018743378,0.00062683990061343281,-0.00025994552825398556,1.7209554848783432e-05},
{0,0.0043891416319710146,0.015060189207432252,0.0508531334207281,-0.0085259797565629541,-0.018643491542692032,0.25893058639483435,0.96192212781845843,-0.02480676943259201,-0.056833362297888747,-0.016061987822840119,0.017170071296329636,-0.00081048408490962608,0.0029394799897722213,-0.00093871445080071717},
{0,-0.002606972065201634,0.0043175118721505857,-0.0071460955235183189,0.007776408231460352,0.025780373992961677,-0.16108770194230104,0.064382982548235254,0.94728411785071509,-0.007915910415339119,-0.26550295880516489,-0.032537463747625686,0.011346586387175931,-0.0038426880441401914,0.00031498287868769975},
{0,-0.00096292157780034776,-0.00086152100578984361,-0.0047180799913980366,0.0018730119524198437,0.0028887103519746609,-0.019020609830546126,-0.055825087627151077,-0.025080322281922654,-0.99478369286508972,-0.066718729300297791,0.042160175566940392,-0.0052407724227757895,-0.0024324376016439712,0.00035158069459980703},
{0,7.5658370409230455e-05,-0.00055933543846373916,-0.00048001025146164909,-0.0013096781990328068,0.0045350486066179536,0.0012518356016623176,-0.0062342852949483513,-0.23447868449922679,0.032104494928806529,-0.76183252850603156,-0.58835682484801077,0.09888710719407362,-0.085171269178195272,0.018450574641185543},
{0,0.00010261789949812267,-2.6622424758924279e-05,0.00050485799687230025,-0.0005971062318398105,0.00083320871431531946,0.0096851610431444631,0.020409325708717268,0.13475098801499946,-0.077534143223727425,0.58321134361406479,-0.79026557801228947,0.072140565664416137,-0.073318903877680988,0.0091591516202683774},
{0,1.1593912911026214e-05,4.5534039063273457e-05,9.6711189066825905e-05,-3.0761450348358702e-05,0.00017155803308497325,-0.00013552804955433182,0.0020183738203835015,0.0027114319997682142,0.0052116279569781225,-0.010878102959439495,-0.019293365988552271,-0.75062130578725461,-0.57700253190777617,0.32110203877530663},
{0,-6.6908060020625347e-06,1.004700938983449e-05,2.7534514509141618e-06,1.0765414343944356e-05,3.9007513372204361e-05,-0.00075902618095722435,-0.0008996963837001093,-0.0069587765767599981,-0.0019980213129187612,-0.042970865414912643,-0.15899126068172223,-0.64615801345648916,0.68987945364077785,-0.28172263099880052},
{0,-2.1028484896077127e-06,-1.9786452637746832e-06,-7.0577431631543008e-06,5.7317272027590134e-06,-1.0236943395773425e-05,2.13354212215596e-05,-7.394487400507492e-05,-6.1587064147613103e-05,-0.0020126882414790493,0.0002159401063937821,-0.022667913629368999,0.062505334359551815,0.42246271384039386,0.90393605793054144}
}
r={[0, 0],[-5.0424000000000011e-06, 5.0424000000000011e-06],[-1.9100000000000002e-08, 1.9100000000000002e-08],[-1.2733333333333335e-08, 1.2733333333333335e-08],[-9.5500000000000011e-09, 9.5500000000000011e-09],[-7.6400000000000009e-09, 7.6400000000000009e-09],[-6.3666666666666674e-09, 6.3666666666666674e-09],[-5.4571428571428573e-09, 5.4571428571428573e-09],[-2.3875e-08, 2.3875e-08],[-2.1222222222222225e-08, 2.1222222222222225e-08],[-1.9100000000000002e-08, 1.9100000000000002e-08],[-1.7363636363636365e-08, 1.7363636363636365e-08],[-1.5916666666666667e-08, 1.5916666666666667e-08],[-1.4692307692307694e-08, 1.4692307692307694e-08],[-2.3875000000000004e-07, 2.3875000000000004e-07]}
iterations=2
