S=8.3637733062744146e-05
a={0,0.8887539351295447,0.69638783041670316,-0.1607744451150088,-0.12142327217904068,-0.011106766167447969,0.0125894932823752,0.0030462540411144751,-0.00057020767961439545,-0.0003713582308247879,-1.2915607855209778e-05,2.7148442375481487e-05,5.4484572457530032e-06,-1.1860992126476974e-06,-5.8716751617960929e-07}
E={
{0.51427036676129556,-0.25881669437991073,0.55924476910273679,0.56363514100777456,-0.098494857452080697,-0.16630671887890536,-0.019761751647255046,0.017750077942035536,0.0058844101012005519,-0.0008275593903341662,-0.00074369642941472856,-5.4540389010371905e-05,5.8546608752924532e-05,1.4844971628453888e-05,-2.4588958367595023e-06},
{0.44954861414450098,0.89325586677097091,3.8694564723519448e-17,6.9806416346967471e-17,-9.7315403472788372e-18,-1.0602746537460434e-17,-3.9236282843031729e-19,1.5650862491160725e-18,4.8352215488634047e-19,-6.6305599463532817e-20,6.8029218785270789e-21,-2.6296619596479809e-21,2.885039742510568e-21,1.1580557996409876e-21,-2.0968267706639653e-22},
{-0.62238978738717221,0.31322992301077457,0.71729907840928875,2.7132492821530134e-16,-4.0067566074667502e-17,-7.6110639918646009e-17,-7.69039965350999e-18,9.0854575749085751e-18,2.300542546477037e-18,-3.5740926371574875e-19,-2.618492838728559e-19,-2.789893879175877e-20,2.180317053542946e-20,6.7567271375346391e-21,-1.052942015367524e-21},
{-0.36822171044507457,0.18531483059483053,-0.40042374351321208,0.81837156056975635,-1.7434493076009617e-17,-2.8441784177534999e-17,-4.4651598983614209e-18,5.3210369630641582e-18,1.340079911795809e-18,-1.4101853286775449e-19,-1.9467206122888361e-19,-5.4442424120647743e-21,2.0717429205522468e-20,4.7572236831877045e-21,-3.3395976287832975e-22},
{0.052395784215195917,-0.026369210723577546,0.056977944169559661,0.057425251644049227,0.99499507580395508,8.7962042229569785e-18,3.5425448630037919e-19,-3.5141134546297998e-19,-6.2897372609814049e-20,1.2218733016891209e-21,2.820311328580131e-20,9.2756173691377458e-22,-9.334769162103926e-22,-2.1918575908786635e-23,8.3039894416942873e-23},
{0.086799749515756974,-0.043683684098212813,0.094390633825196399,0.095131651014341942,-0.016624191297024631,0.98606366564877157,1.0844140138954238e-18,2.1649408694696881e-19,-5.4314540815513419e-20,-2.7090244682275712e-20,3.3894627774948421e-20,-8.4605615571595383e-22,-2.5421473857283815e-21,-2.1202410484199508e-22,5.2983597135174943e-23},
{0.010168437457205375,-0.0051174664919091516,0.011057696156407086,0.011144505012245691,-0.0019474946693218995,-0.0032883082108795102,0.99980464895586019,-2.7109325405208791e-20,-3.3884736134572818e-20,5.0827626484586483e-21,2.5416088211007826e-21,3.7451837991573039e-26,-3.1767755859693419e-22,-1.0194033062024504e-26,3.3104109725116088e-24},
{-0.0091301050007139666,0.0045949052256458438,-0.0099285585812841845,-0.010006503100502002,0.0017486296094234362,0.0029525282882834421,0.00035084049013700606,0.99984244930438282,2.0329142698903718e-20,-4.2352651834347148e-21,-7.623390204805351e-21,-3.1764438046407824e-22,1.0588666037262018e-22,5.2941471582386736e-23,-6.6177616646116559e-24},
{-0.0030262339013394069,0.0015230118346069043,-0.0032908866401609727,-0.0033167218683935193,0.00057959489014740534,0.00097863509784041356,0.00011628840907438803,-0.00010445067632010305,0.9999826866874576,-8.4703323730185367e-22,-1.2705502935514121e-21,-2.6469869407683803e-23,2.6469876091924602e-23,1.3234914279694888e-23,1.6543571702347187e-24},
{0.00042558965512556543,-0.00021418637903554787,0.00046280867768467931,0.00046644197445949671,-8.1510417717942617e-05,-0.00013762881104442538,-1.635403789877734e-05,1.4689256931868294e-05,4.869703228982191e-06,0.99999965757247733,0,6.6174449102660243e-24,-3.3087224770133819e-24,-8.2335385913515648e-33,-4.1359030491397483e-25},
{0.00038246114381608573,-0.0001924811059883313,0.00041590845572378601,0.00041917356055794837,-7.325029454518477e-05,-0.00012368174804100609,-1.4696748300737226e-05,1.3200673325372924e-05,4.3762160206923112e-06,-6.1545313799863397e-07,0.99999972345777022,9.9261673653997888e-24,1.6543612247718764e-23,6.341839042460274e-33,-6.2038546046702628e-25},
{2.8048506003877745e-05,-1.4115963266435419e-05,3.0501427415700511e-05,3.0740880008532611e-05,-5.3719478685772231e-06,-9.0704331893292574e-06,-1.0778136279091752e-06,9.6809616090045991e-07,3.2093801766612748e-07,-4.5135411310073188e-08,-4.0561492774448874e-08,0.99999999851267285,8.2718061397067386e-25,2.0679515387997034e-25,-2.5849394268988651e-26},
{-3.0108786014415817e-05,1.515283977398651e-05,-3.2741884757305719e-05,-3.2998926144008528e-05,5.7665398946106996e-06,9.7366944220777184e-06,1.1569835442091662e-06,-1.0392068706226146e-06,-3.4451225660519332e-07,4.845079593971093e-08,4.3540903968372288e-08,3.1931548228181384e-09,0.99999999828614716,5.1698788290277132e-26,2.5849394140474792e-26},
{-7.6343290048133664e-06,3.8421264854865775e-06,-8.3019727316563359e-06,-8.3671476780325577e-06,1.4621533645946984e-06,2.4688185236655645e-06,2.9336264256615145e-07,-2.6349940348299005e-07,-8.7353901012663064e-08,1.2285095671799227e-08,1.1040152396127338e-08,8.0965052755791724e-10,-8.6912274598037552e-10,0.99999999988981325,9.6935228033851804e-27},
{1.2645372638019548e-06,-6.3640329229654278e-07,1.3751246344804057e-06,1.3859201016795617e-06,-2.42188594931874e-07,-4.089308986777095e-07,-4.8592088852657561e-08,4.3645592753959791e-08,1.446915149967134e-08,-2.034882339570065e-09,-1.8286720541063112e-09,-1.3410913547325263e-10,1.4396001251938879e-10,3.6502238934128548e-11,0.99999999999697675}
}
B={
{1,0,0,0,0,0,0,0,0,0,0,0,0,0,0},
{0,0.88040242506171118,0.20706631545395329,0.42663229009274667,9.8486662106068979e-17,7.2688988106082844e-19,1.3012745591055776e-17,3.1966249687189269e-18,4.0631341497857501e-18,4.9560563955051794e-18,-2.1301473952434483e-19,-1.1907132459727231e-19,2.1428151140631539e-19,1.2020588577897712e-20,3.0457242770834993e-20},
{0,0.28843439950458793,-0.90721111613705041,-0.15490032792248876,0.00077695665286861386,-0.25700877847500947,0.060683793174881241,0.0034290059046933252,0.0052001863329380355,0.0019417682715461874,0.00048597815348782269,-0.00017095155102695971,-4.08899554843112e-05,6.3976192141801368e-06,1.1172489794287183e-05},
{0,-0.33038971808838485,-0.29992657063909767,0.82736493956590207,0.25954233255562287,0.2076917221308221,0.073192289316518055,-0.00131794071559208,0.011732734246790014,0.018952665191163953,0.00038990218836184649,-7.4355967232701568e-05,-1.6155239338013008e-05,2.412849935175745e-05,4.6942507398212292e-05},
{0,-0.17378050300625519,0.14370856972458668,0.2888660214076435,-0.36734972228754037,-0.8320058597063712,0.18864983166815691,-0.011986391802439891,0.046848358570651491,0.024297692826570415,-0.0024575195654416224,0.0010510956570085126,-0.0005464626122603294,-8.9537982500245393e-05,-7.9943721040641395e-05},
{0,0.034558411406957132,0.15215931167613062,-0.14516570517034258,0.85885748332059986,-0.33733032659283863,0.29038829916025782,0.0016646550285422893,0.070249841454042825,0.11784329638987337,0.0013345302186101686,-0.00028215347554841206,-0.00022719341020996842,0.00014005620137110279,0.00031986039230823087},
{0,0.033570013390921576,0.00060281106993015864,-0.069567971658766353,-0.23788927307315702,0.28942182480858086,0.88855662909683009,-0.085263555246523126,0.12004367347324389,0.20590134426126183,0.0080020852555192801,-0.00098278192583350996,-0.0017536229863650329,-9.7951056703849093e-05,3.359682265810335e-05},
{0,0.0023551644882514561,-0.017668722701362532,0.0037153886812655293,-0.035573455916720197,0.01031784788277018,-0.27597636231763845,-0.35218214566497419,0.64063138431689226,0.61936691437505909,-0.06028730958276534,0.020803428688891696,-0.0023799782288879742,-0.0015250519558284369,-0.0014292218829282798},
{0,-0.0035312931951100696,-0.0040575893687527309,0.0092565641759864876,-0.029839291834369459,-0.016657801214865941,-0.069371664412231193,0.17789055818683464,-0.64339721332929201,0.73886662594080943,0.047550714704764407,-0.003450636762131966,-0.0081468344396043082,0.0035278833401523988,0.0049374566734660206},
{0,-0.0009173793290587057,0.0012557123802820762,0.0012836516664755768,0.033819194899226766,-0.024552734825450378,0.0014591415625686728,-0.87470930466110464,-0.34236754354188265,-0.10751187890449444,0.30936956126967197,-0.08028148538920013,-0.04280648636083819,0.0094454743823486759,0.016741229951793467},
{0,0.00018754774290613425,0.00061913657454750826,-0.00068752371476613018,0.012748382349077497,-0.0056689683975253615,0.023107871728558767,-0.26639840480201843,-0.19097660052514337,-0.039199513017554276,-0.91337791650672762,0.23008645253403562,0.054839886524548846,0.0012719473181050851,0.0092562281717283694},
{0,0.0001215541886901078,-5.0498185969490585e-06,-0.00024838943893712662,0.0003356820355723682,0.00086402323104239019,0.0011225056233787724,0.019977954473666341,0.0086362974158941813,-0.010110986393577735,0.083439547842059078,0.55000082098343339,-0.81916069503549416,0.080319167855430154,0.11172910846282899},
{0,4.0977806074865777e-06,-5.8314357986978803e-05,1.9846700446381729e-05,-0.0012683137394773588,0.00067784008890036729,-0.00075208822696367467,0.019194194291687998,0.012649526978363003,0.0027055441901649158,-0.11097153723515876,-0.40855058147015721,-0.13530936740260316,0.45069691099535658,0.77381976240264638},
{0,-9.972849777035379e-06,-9.4292742050925214e-06,2.5156572638227741e-05,-0.00019464165935994656,0.00015296272982221978,-0.00022495054655278317,0.006353479806072232,-0.0020131287671453528,0.0044189316353039224,-0.20782587945630829,-0.67518168759326658,-0.5467783914566533,-0.35528831126458055,-0.27509569248706633},
{0,-2.0398422485841871e-06,3.331142511863262e-06,2.5926651167750003e-06,9.9705248150272529e-06,-1.1284734804047159e-05,1.3089524438109633e-05,-0.00070129067154310056,-0.00046709654118662168,0.00070115531192317128,-0.039936796310305105,-0.12199770872915039,-0.082372631601857857,0.81491453364269228,-0.55915066105619216}
}
r={[0, 0],[-3.4380000000000004e-06, 3.4380000000000004e-06],[-1.9100000000000002e-08, 1.9100000000000002e-08],[-1.2733333333333335e-08, 1.2733333333333335e-08],[-9.5500000000000011e-09, 9.5500000000000011e-09],[-7.6400000000000009e-09, 7.6400000000000009e-09],[-6.3666666666666674e-09, 6.3666666666666674e-09],[-5.4571428571428573e-09, 5.4571428571428573e-09],[-2.3875e-08, 2.3875e-08],[-2.1222222222222225e-08, 2.1222222222222225e-08],[-1.9100000000000002e-08, 1.9100000000000002e-08],[-1.7363636363636365e-08, 1.7363636363636365e-08],[-1.5916666666666667e-08, 1.5916666666666667e-08],[-1.4692307692307694e-08, 1.4692307692307694e-08],[-2.3875000000000004e-07, 2.3875000000000004e-07]}
iterations=2
