S=8.3637733062744146e-05
a={0,0.67958006309672037,-0.58016341047868003,-0.091832831962222444,0.076742110354986903,-0.011151653658894659,-0.0060185727489245671,0.0017816068235866264,0.00011358490094353652,-0.00015585207723531436,1.6891520115745033e-05,7.4268077155964483e-06,-2.3354503731089164e-06,-1.0251805954323303e-07,0}
E={
{-0.4516250997837345,0.36743310018614633,0.55906635540725436,-0.57457500117503757,-0.004855479188797876,0.13269347465571141,-0.024631189774489061,-0.0087977947953623414,0.0043444103812419503,1.4995690970445458e-05,-0.00036385537742207553,6.5349468709338486e-05,1.6693078315977656e-05,-7.6400015961382535e-06,0.0013500693345249084},
{0.6310970689602321,0.77570386717471262,2.6935965145743686e-16,-2.1797726301655494e-16,-2.1232741997512805e-18,6.1788517291665419e-17,-1.1773200937592378e-17,-4.0196947660527672e-18,1.8859679472031336e-18,6.3820202349699406e-21,-1.3057735709434424e-19,3.0442383773087531e-20,7.2882357424257199e-21,-3.4431944426663734e-21,4.6524466190718064e-19},
{0.53727042770628242,-0.43711241688070135,0.72129967594684286,-1.3627784929178071e-16,-1.254666589823436e-18,2.1086054166852871e-17,-6.337269525500973e-18,-2.2329385480557519e-18,8.9523444072322644e-19,2.9130012404937492e-21,-1.244439380613226e-19,2.2252639019195245e-20,5.1685575348981159e-21,-2.9503638107833537e-21,5.4342265312155512e-19},
{-0.32447183298816179,0.26398375904043497,0.40166342656302501,0.81467606833749173,2.1684303830550097e-19,-7.0009877033538806e-18,2.6257990964522996e-18,1.7435427727154843e-18,-2.2123066199403342e-19,-3.8268091652736194e-21,6.8130504348680659e-20,-3.4542028511746153e-21,-3.4050091958028812e-21,1.2782737852297781e-21,-2.7241576727627705e-19},
{-0.002233788837759325,0.0018173656827580021,0.0027652054433500947,-0.0028419129598752538,0.99998799219740042,-6.5632925505982789e-19,4.9594900534313648e-20,2.7883132240503983e-20,-8.8551475495263415e-21,-3.4415784915786779e-23,8.7926918724173851e-22,-2.1754796843702283e-22,-4.118361717728216e-23,2.3837934309747386e-23,-4.3547799709157044e-21},
{0.060505399343333557,-0.049225976300625779,-0.074899586204434071,0.076977320160990889,0.00065050128405649225,0.99115085679369219,4.3381249793968561e-19,9.4016470466935193e-23,-1.0846766638823879e-19,4.2334916082682905e-22,-1.0160336364021884e-20,3.3874029085170853e-21,-4.2370265941565356e-22,-1.0579390583585225e-22,4.064256055652341e-20},
{-0.011128533078953865,0.0090539507473835178,0.013776002335696313,-0.014158152215141011,-0.00011964428193336504,0.0032697113662959305,0.99969657640991316,1.0842441350667081e-19,-2.0333126779892076e-20,-1.5883430663548764e-22,2.5414782330041321e-21,-7.4122200039531599e-22,-2.6487193968912595e-23,1.0588708852891677e-22,-1.6942082789551265e-20},
{-0.0039735415177524318,0.0032327934813306054,0.0049188439160113952,-0.0050552939226029495,-4.2720052881272838e-05,0.0011674794667784958,-0.00021671305524745854,0.99996129784814325,0,-2.6469779604673049e-23,1.0587912542995109e-21,-2.5201635916657651e-29,3.9704662970487e-23,2.9412606508421889e-30,-1.6940679581386842e-21},
{0.0019620671334239954,-0.0015962983677225821,-0.0024288413595103244,0.0024962180490686638,2.1094434604999837e-05,-0.00057648147892239425,0.0001070092161325767,3.8221666649739256e-05,0.99999056298619549,3.3087224505840559e-23,-6.3527475267357634e-22,1.0587913377072515e-22,3.3087228489094009e-23,-1.6543614078392665e-23,2.5411014805742736e-21},
{6.7724437034748411e-06,-5.5099240210420393e-06,-8.3836027278279484e-06,8.6161660429088452e-06,7.2811408124291365e-08,-1.9898342394047701e-06,3.6936243396837916e-07,1.3192927052736252e-07,-6.5147563201960962e-08,0.99999999988756427,-1.6543613346171779e-24,2.0679519291689171e-25,-2.5849383871905687e-26,-3.2311747377643627e-26,8.2718144946663732e-24},
{-0.00016432653228576523,0.00013369276249152387,0.00020341968492386257,-0.00020906259976780832,-1.7666955580257398e-06,4.8281325722515665e-05,-8.9622078216038098e-06,-3.2011310070586004e-06,1.5807400720589453e-06,5.4562731291557248e-09,0.99999993380450891,0,-4.1359030633406604e-25,8.2718061262995203e-25,-1.5881882236662687e-22},
{2.9513514193540238e-05,-2.401160170839309e-05,-3.6534755980887719e-05,3.7548239591982939e-05,3.1730356444681038e-07,-8.6714638967516369e-06,1.609638103288048e-06,5.7493226503380533e-07,-2.8390542844218973e-07,-9.7996222643541529e-10,2.3777798999844518e-08,0.99999999786471938,-5.1698788291767659e-25,1.0339757663808296e-25,-1.2717156164031967e-32},
{7.5390269029294634e-06,-6.1336006981379459e-06,-9.332555466816003e-06,9.5914429771144999e-06,8.1053042110569786e-08,-2.2150666022584644e-06,4.1117112943890014e-07,1.4686254524040137e-07,-7.2521714929557833e-08,-2.5032470008496274e-10,6.0738773829757273e-09,-1.0908857876317563e-09,0.99999999986067023,-6.4623485357591956e-26,1.1580539130264294e-23},
{-3.4504227723459804e-06,2.8071945886157805e-06,4.271275632982735e-06,-4.3897619273694524e-06,-3.7095936367803189e-08,1.0137802060005666e-06,-1.8818267219552219e-07,-6.7215288793473859e-08,3.319136274540909e-08,1.145673117731166e-10,-2.779860731165869e-09,4.9927095527548763e-10,1.2753537743935338e-10,0.99999999997081512,-8.2718136639999989e-25},
{0.00060972575358969117,-0.00049606061313260772,-0.0007547790302632933,0.0007757167964158949,6.5552395312982376e-06,-0.00017914555428746366,3.3253844293093305e-05,1.1877643789281174e-05,-5.8652605775765753e-06,-2.0245240979589776e-08,4.9123043493945009e-07,-8.8226394136569596e-08,-2.2536833672032729e-08,1.0314541270763114e-08,0.99999908865598064}
}
B={
{1,0,0,0,0,0,0,0,0,0,0,0,0,0,0},
{0,0.7215635596309774,-0.5810615529843508,-0.37644853706195658,-7.4956229309102914e-17,1.4308572482424045e-18,-4.8086608044385709e-17,8.7283934600955156e-18,-1.2846193255075082e-18,1.9030976599398271e-18,1.242134494529947e-18,1.2748156290150641e-19,5.3773067243646584e-19,-1.9148322785563737e-19,0},
{0,-0.66204861999689257,-0.69451566745429671,-0.19698258670234337,0.18666464285634038,-0.01899404020445148,0.068997850956644874,-0.011593696967513847,-0.020920287772052286,-0.00048314802047670142,-8.0303668137317103e-06,3.329148094840275e-05,-1.4472110226508705e-05,2.5915665504570462e-07,0},
{0,-0.10190265887462403,0.40599374447457875,-0.82198911796763863,0.3232570987884531,-0.1294010579569731,-0.16173664583093159,-0.0087672458044151004,-0.040479980362969521,0.0012051472809976246,0.0017521891730090525,0.00049096285626821937,-0.00017938559104973994,1.6306753306307039e-06,0},
{0,0.16986567877189906,-0.020369593422577308,0.35703385241060387,0.9088188584262431,-0.11372586387124449,-0.057271499755165593,-0.016307350332431834,-0.028624450800523244,-0.0021718873122714539,-0.0014137971035237656,-0.0004752410232076353,0.00011904461069853289,-6.5164945687182068e-06,0},
{0,-0.038147055063417784,-0.11983904183608467,0.11185681645909315,-0.11759316220079823,-0.14729843913629651,-0.96496343483828273,0.069111767353539064,-0.0042009030457721298,0.010379498035468776,0.0090169449874270384,0.0028134789041806244,-0.0010033494237269278,2.6211654427301484e-05,0},
{0,-0.017210745601911291,0.018512353994912242,-0.061563432290039202,0.14204418568635008,0.87284422529484662,-0.15575339078243883,0.080368006909687706,0.42689525373615544,-0.019165641668088415,-0.014099054084950692,-0.0035104735951031469,0.0011458411153919682,3.394249418062663e-06,0},
{0,0.0068717273231390071,0.0071806730601110197,0.0020878683563253378,0.015488267490623773,0.42999299297985266,-0.079900057462509666,-0.21154813514440174,-0.87381863759854272,-0.007828772452338555,-0.0019391431152641974,-0.0014588390051409931,0.00041465776169291032,-5.8953370710549961e-05,0},
{0,0.00017738488155597966,-0.0037222081863159634,0.0060853644264661985,-0.021507401107852292,-0.034868983019225065,-0.062404959098794795,-0.92958513372512741,0.2158534990756858,-0.26340431882193915,-0.11813860489703835,-0.017377282160550497,0.0035881548004192245,0.001274756478688793,0},
{0,-0.00069369648072236246,-4.5120972337952072e-05,-0.0012600076583551428,-0.001210851360682393,-0.017002475573336027,0.0069577703717200986,0.2504676617997329,-0.062177097914489318,-0.60660970047044138,-0.68399218965664454,-0.29508192352091317,0.10077843864714579,-0.0029406821019132825,0},
{0,0.00010537568458488697,0.00030503435919195649,-0.00026885078419466819,0.0008993092846492839,-0.0028082331029299257,0.0077186026952293834,0.12799901522386931,-0.028273436949459239,-0.74063634810804335,0.53035654082929207,0.38528585096817586,-0.066950130083806597,-0.00080576819692146947,0},
{0,3.5442439913983547e-05,-5.4632140875357191e-05,0.00015226147556206957,-8.5288973931181878e-05,0.00059823500436020959,-0.000535037301834698,-0.015874989710730949,0.0054139462533760244,-0.090643228484939359,0.45685133971080766,-0.7044178644144844,0.53530779109656845,-0.0054492805331361246,0},
{0,-1.4543361080776332e-05,-1.4485341973370804e-05,-5.5175777919027744e-06,-3.7883033447246366e-05,-8.6065307886828229e-06,-0.00054877091876014865,-0.005844287850886456,0.00071367546973166013,0.073030508020337725,-0.16670336595242446,0.51652808134401751,0.83340837727238881,-0.073964737612181225,0},
{0,-1.5604596815919903e-07,6.3934167760775598e-06,-1.0167567112645996e-05,3.0257402103403852e-05,2.0590652812011003e-05,8.394171938174554e-05,0.0014953812416946997,-0.00045271443063013008,0.0028701264444651571,-0.011305633692855515,0.033924617756375737,0.064977064038094196,0.99724049097230194,0},
{0,0,0,0,0,0,0,0,0,0,0,0,0,0,1}
}
r={[0, 0],[-1.1460000000000001e-06, 1.1460000000000001e-06],[-2.3875e-08, 2.3875e-08],[-1.5916666666666667e-08, 1.5916666666666667e-08],[-1.19375e-08, 1.19375e-08],[-9.5500000000000011e-09, 9.5500000000000011e-09],[-7.9583333333333335e-09, 7.9583333333333335e-09],[-6.8214285714285717e-09, 6.8214285714285717e-09],[-5.9687500000000001e-09, 5.9687500000000001e-09],[-5.3055555555555562e-09, 5.3055555555555562e-09],[-4.7750000000000006e-09, 4.7750000000000006e-09],[-4.3409090909090913e-09, 4.3409090909090913e-09],[-3.9791666666666667e-09, 3.9791666666666667e-09],[-3.6730769230769235e-09, 3.6730769230769235e-09],[-2.3875000000000004e-07, 2.3875000000000004e-07]}
iterations=5
