S=8.3637733062744146e-05
a={0,0.67716563308927458,-0.56933161742513638,-0.091393003774135742,0.075026133506022316,-0.010568116783559799,-0.0058710026239652659,0.0017002436665931272,0.00011748145313060379,-0.00014871841493278813,1.5358223001516851e-05,7.149440048293414e-06,-2.166536395100015e-06,-1.1044414463620666e-07,0}
E={
{-0.44677362347904248,0.3733451850132074,0.55727964917643524,-0.57659118444902968,-0.0027576290680254821,0.1314954366466041,-0.024405267229619353,-0.0086379206082054637,0.0042454519137172598,1.825013529890521e-05,-0.0003528775214115399,6.243606657747488e-05,1.6195682489349547e-05,-7.2708332295624842e-06,0.0012894849288644513},
{0.64123172164669728,0.767347300219407,1.9210217673384814e-16,-2.4860194109002688e-16,-9.7420050218358502e-19,5.4528367469593375e-17,-8.4594372381993717e-18,-3.5279474096725223e-18,1.4197889621943402e-18,6.8226982562098595e-21,-1.3841013970745053e-19,2.1179007011605919e-20,5.4460016463436484e-21,-2.5097876746698672e-21,4.9507601993827982e-19},
{0.53058815947629057,-0.44338457812916321,0.72241699931603687,-3.4127217620065786e-16,-1.853618841510839e-18,7.8847287273791556e-17,-1.5470428096549687e-17,-6.3465750136769696e-18,2.1823430411845668e-18,1.1411836939340379e-20,-2.0877902467673492e-19,4.6842406311013042e-20,1.0561838000144682e-20,-5.532757073366216e-21,8.6399556620941863e-19},
{-0.32254453067604488,0.26953347546018436,0.40232344402792608,0.81329734889696548,7.5894445928717883e-19,-3.4998861054813709e-17,9.6562684014506092e-18,1.7765992259028949e-18,-1.3216676549278546e-18,-5.170910006563988e-21,9.6583003006854802e-20,-1.8938223267308673e-20,-6.0079569996483584e-21,1.7294090364581701e-21,-3.3152904130448412e-19},
{-0.0012545997807336081,0.0010484029554119153,0.0015649154044046975,-0.0016191447649698092,0.99999612811282446,-2.1874113006615987e-19,7.4807473708520942e-21,1.0414831719448245e-20,-6.052557418253632e-21,-2.0382715399891411e-23,6.4552998506104535e-22,-1.5049404607698985e-23,-2.0323013074772131e-23,8.4831108348688305e-24,-1.0962670317496485e-21},
{0.059304572058468376,-0.04955770722292107,-0.073973102650837605,0.076536508982247772,0.00036604670280611503,0.99131075363611365,-1.5183353247631652e-18,-2.1716863639355117e-19,4.3385006144390618e-19,1.4830517748588293e-21,-2.0343179964776949e-20,1.696612067331957e-21,1.4829681264670225e-21,-4.2381298227336121e-22,1.0847289330636991e-19},
{-0.010907908651333835,0.0091151647266625793,0.013605896111611138,-0.014077384246989731,-6.732708554737638e-05,0.0032104406697941426,0.99970211897464323,-1.35530327962923e-20,-2.0328476913571679e-20,-2.6469218113216078e-23,1.6940551433459609e-21,-1.0587723502800231e-22,-2.6469291117263772e-23,-1.3235109098137489e-23,3.8892518186447499e-26},
{-0.0038594155517519628,0.0032251102963317098,0.0048140123581116058,-0.0049808333959761074,-2.3821541719998291e-05,0.0011359120290639199,-0.00021082280363194668,0.99996269172855379,-6.7763246461891402e-21,-1.323541483411152e-23,-4.2350634811421583e-22,-2.1176002410930429e-22,-1.3235353527494251e-23,2.0818460254938627e-28,-2.5411378760137387e-21},
{0.0018967764272134324,-0.001585036154624083,-0.00236592951412947,0.0024479165942823261,1.170750808988759e-05,-0.00055826358453122922,0.00010361250787482516,3.6672272776984557e-05,0.99999098801226816,0,-1.0587912499895685e-22,7.9409341292627791e-23,1.3234890487994668e-23,-6.6174452098617305e-24,2.1175841835756721e-21},
{8.1536936852347317e-06,-6.8136123474571635e-06,-1.0170447218921092e-05,1.0522885981930851e-05,5.0327193765577901e-08,-2.3998138096728837e-06,4.4540022695844735e-07,1.5764350224669797e-07,-7.7480210649606333e-08,0.99999999983346588,-8.2718066405453849e-25,5.1698790207799941e-25,5.1698793541539536e-26,-2.5849396506057256e-26,3.3087256203770586e-24},
{-0.00015765664151246706,0.00013174535133852634,0.0001966518013938305,-0.00020346641987962751,-9.7310699323870459e-07,4.6401864001023455e-05,-8.6120851017887954e-06,-3.0481332853457529e-06,1.4981271392149145e-06,6.4400736461750585e-09,0.99999993773862172,-1.8197973511636822e-23,-1.2407709373938887e-24,2.0679516155094085e-25,-2.1175841435954368e-22},
{2.7894834146491294e-05,-2.3310243640251632e-05,-3.4794407212181177e-05,3.6000145521771453e-05,1.7217579876606697e-07,-8.2100715071634846e-06,1.5237714267233712e-06,5.3931868416970991e-07,-2.6506975968692615e-07,-1.1394685598261771e-09,2.203232110514595e-08,0.99999999805086537,0,1.0339757657185561e-25,-9.6898350326982804e-34},
{7.2358157833216858e-06,-6.0465901306110617e-06,-9.025539264906883e-06,9.3383032786763027e-06,4.4661759079654925e-08,-2.1296618822594997e-06,3.9526061641941781e-07,1.3989725218159538e-07,-6.8758105560028879e-08,-2.9557388821493189e-10,5.715101798369328e-09,-1.0111963917471697e-09,0.99999999986884969,0,3.3087252010396674e-24},
{-3.2484219091523104e-06,2.7145350910141983e-06,4.0518941288716503e-06,-4.1923053147209115e-06,-2.0050294402192808e-08,9.5608298007864736e-07,-1.7744692300782447e-07,-6.2804984624454017e-08,3.0868024176048224e-08,1.3269391081843618e-10,-2.5657178749147461e-09,4.5396298244333492e-10,1.1775630222392791e-10,0.99999999997356737,-2.4815439007803148e-24},
{0.00057610833305881033,-0.00048142338958732521,-0.00071860430621346839,0.00074350626060385057,3.5559240789630112e-06,-0.00016956152474133037,3.147025044143044e-05,1.1138477701383437e-05,-5.4744508103391138e-06,-2.3533293982927426e-08,4.5503062390133073e-07,-8.0510433804481843e-08,-2.0884105845444132e-08,9.3756376645819139e-09,0.99999916861396343}
}
B={
{1,0,0,0,0,0,0,0,0,0,0,0,0,0,0},
{0,-0.75998795376379735,0.52805632414982118,0.37891269266058575,3.5900167935335549e-17,1.4209794119678064e-16,1.1485291256754027e-17,-5.8358647521561301e-19,-5.2115749458600939e-18,1.7691744214966556e-18,3.2370212594058093e-19,1.3312535602396944e-19,-3.8671662856397948e-21,7.8305544624032219e-21,0},
{0,0.61296441698338666,0.73732475319971125,0.2018844329990073,0.19330800692231159,0.044150089886423549,-0.022273021360665751,-0.0072969163481932438,0.0014184862086437167,-0.00095866938129641468,0.00016099932979459633,-4.5019583776714527e-05,-9.8019231225633908e-10,4.8560229268615122e-07,0},
{0,0.12976831234340269,-0.40291280870345675,0.8217803650008505,0.28978516003642779,0.026872858380450459,0.24621708821190016,0.010541138357004522,-0.0075633595633213284,0.0030534305182392152,-0.0006144388785544419,-0.00014191808078354976,1.4397677196563938e-05,6.6362366098575584e-06,0},
{0,-0.16926570785448344,0.0093452394455782965,-0.35252108026978168,0.83785191931478809,0.27364083025724495,0.26405362536592786,0.015437426599048875,-0.012259325828756384,0.0015480854526898321,-0.00043282070005240005,-0.00016037299893120846,-4.6002824586590911e-06,2.1558305687660749e-06,0},
{0,0.028840086726017958,0.12130880781833744,-0.11121233324326389,-0.31516828722391621,-0.065263695783018605,0.93064644567965304,0.0084453492048751962,-0.047708706220044431,0.0062786865669273136,-0.0020294861397368294,-0.0002184395887462016,1.8851584341971189e-05,4.6457994135873401e-07,0},
{0,0.018216231017084295,-0.017224469039839853,0.060540611034957031,-0.27678273158435923,0.95614521337160496,-0.017357215233604582,-0.035184782595441708,0.0090818542763145584,0.056952913908463458,0.004199789532164269,-0.00094288929816885563,0.00029408452867825949,-3.6984349469839071e-05,0},
{0,-0.0061646232889048993,-0.0075441210262966341,-0.0018508712813168368,0.021384070081742052,-0.030668009731517249,0.021765409864202688,-0.99040217171872857,0.1299343419492783,-0.0065722570048636448,0.013439356697367367,-0.0051678527354864492,-0.00045250947606696745,-4.7876633920978577e-05,0},
{0,-0.00045012079393966638,0.0036242822151534839,-0.0059536446496634343,0.0071707414857043131,-0.036812824802471528,0.034114308238566565,0.1021667405997668,0.7846367313096998,0.60219955325178531,0.092247955235638016,0.011005206245235044,0.0033340735116800355,-0.0013287804391634555,0},
{0,0.00066658093304056587,9.4019021548633966e-05,0.0012059404428809706,-0.014402339814958441,0.040495191199084159,0.032845622093455568,0.08285485521035614,0.58249143295314987,-0.79383989510271313,0.14276880367798775,-0.016265877909700178,0.0090242422965837212,-0.00021715329962976196,0},
{0,-7.8062018272393268e-05,-0.00030327559121548443,0.00026607818191620974,0.0021079147914142638,-0.005794548573430776,-0.005865457551940052,-0.0084304265337949713,-0.15820738837389944,0.055504605895209697,0.97733254741289199,0.12846565310758148,-0.007880751792056901,-0.0012481303836096556,0},
{0,-3.8105726983084038e-05,4.9765422757252974e-05,-0.0001457825001840027,0.0006434980868241741,-0.0026546854529036898,-0.0013392921923592374,0.0036913944122572489,-0.022825454546626437,0.027306939268068823,0.12522644005561703,-0.98639131405820957,0.10030403866973152,0.00019250584488559081,0},
{0,1.2730244487388659e-05,1.5031665341301192e-05,4.5848728389306485e-06,-0.00015547112544859006,0.00031692309099900172,0.00032742755148388859,0.0019701596131728658,0.0067803396084953685,-0.0028659569810551904,0.0064462339372166957,-0.1005509599703613,-0.99455401731722948,-0.02553344243049209,0},
{0,6.4736910982631675e-07,-6.0750362662265393e-06,9.7646611385528281e-06,7.954050704145315e-06,5.6187602225600813e-06,-5.1552530409228268e-05,-0.00014404662910743151,-0.0011561896025473932,-0.00062061758290682801,-0.0015152073877086813,0.0022070970855068354,0.025425486943427611,-0.99967226224774763,0},
{0,0,0,0,0,0,0,0,0,0,0,0,0,0,1}
}
r={[0, 0],[-1.1460000000000001e-06, 1.1460000000000001e-06],[-1.9100000000000002e-08, 1.9100000000000002e-08],[-1.2733333333333335e-08, 1.2733333333333335e-08],[-9.5500000000000011e-09, 9.5500000000000011e-09],[-7.6400000000000009e-09, 7.6400000000000009e-09],[-6.3666666666666674e-09, 6.3666666666666674e-09],[-5.4571428571428573e-09, 5.4571428571428573e-09],[-4.7750000000000006e-09, 4.7750000000000006e-09],[-4.244444444444445e-09, 4.244444444444445e-09],[-3.8200000000000005e-09, 3.8200000000000005e-09],[-3.4727272727272731e-09, 3.4727272727272731e-09],[-3.1833333333333337e-09, 3.1833333333333337e-09],[-2.9384615384615388e-09, 2.9384615384615388e-09],[-2.3875000000000004e-07, 2.3875000000000004e-07]}
iterations=5
