S=8.3637733062744146e-05
a={0,0.67958087416142698,-0.58016483372500249,-0.09183303363827465,0.076742393240580284,-0.011151717661134576,-0.0060186014082626816,0.0017816182452914584,0.00011358515968186624,-0.00015585303258320622,1.6891509458765394e-05,7.4259283576398671e-06,-2.3346181419708494e-06,-1.025147067051019e-07,1.5933729670428392e-07}
E={
{-0.45162586804716498,0.36743243718209695,0.55906697196558353,-0.57457569455884039,-0.0048559147726999798,0.13269393075007424,-0.024631258298811309,-0.0087978471049823398,0.0043444337529357606,1.4996756137027527e-05,-0.00036385962834885311,6.5351128455702243e-05,1.6695626005847225e-05,-7.6410669457135569e-06,1.1379633255025931e-07},
{0.63109573776447114,0.77570495020691843,-3.8479964937700689e-17,3.6006703008209606e-17,4.2559707611107372e-19,-2.3206721160569733e-17,2.4175973727816458e-18,8.3265214963797639e-19,-4.1386536575198208e-19,-2.3741926277805265e-21,3.683040470900327e-20,-8.0459757519687523e-21,-2.874755680438517e-21,7.7005106713378144e-22,-1.5087012835229004e-23},
{0.53727140088010428,-0.43711167632452741,0.72129939984523217,-2.0441680962213568e-16,-1.6652087654923879e-18,3.3379200261074609e-17,-9.0777972564459933e-18,-3.459779506276292e-18,1.5064489414747814e-18,6.0670309668593845e-21,-1.3931345250325503e-19,1.8147092321088632e-20,6.2745499223117507e-21,-2.4156706076320622e-21,3.3752655350292261e-23},
{-0.32447227359467373,0.26398319210638388,0.40166373168513486,0.81467592612179174,-4.3368607753640975e-19,2.8465812025413994e-22,-3.4705528270113766e-18,-1.7355616270888396e-18,8.6781696115951225e-19,2.1191820302390158e-21,-8.1353980215596071e-20,1.0171368145756752e-20,2.5428802232594725e-21,-1.6948811774336884e-21,1.3247031588524582e-23},
{-0.0022339891733350902,0.0018175223003639085,0.0027654517841079764,-0.002842166429607368,0.99998799006361927,1.6408232120324971e-19,-7.5098190196655242e-20,-2.7313950491313712e-20,1.1962245475271757e-20,2.6828423541133697e-23,-7.4985549647322506e-22,1.8685133230080775e-22,2.0251611429648071e-23,-1.3417626299491452e-23,1.5781780985086811e-25},
{0.060505602894204445,-0.049225969342101397,-0.074899793369414061,0.076977541073905573,0.00065056072229769258,0.99115081186211007,8.6762499686515154e-19,7.5915892908218863e-19,-1.2186220465417479e-22,-2.1217889873931027e-22,1.0174602373807176e-20,-5.9310639971012811e-21,-8.4750133117138174e-22,4.2373083839392875e-22,-3.3119149265859582e-24},
{-0.011128562708893397,0.0090539431147807284,0.013776030772755462,-0.014158182912667577,-0.00011965513023135782,0.0032697257484984063,0.99969657527424161,-8.1318310161686969e-20,1.3555763234016156e-20,2.648139186710278e-23,-1.6943477499569452e-21,5.294462360464363e-22,5.2952497814658759e-23,-6.6180370608115259e-23,6.2047364827984637e-25},
{-0.0039735646626158309,0.003232800978825058,0.0049188696241953961,-0.0050553208693938697,-4.2724061464654072e-05,0.0011674882939101767,-0.00021671455179289733,0.99996129745844264,2.3717146344157546e-20,6.6175994241220756e-23,-1.905861749060495e-21,5.8234193148606276e-22,6.6176181520017764e-23,-3.3088017425707837e-23,9.3058999793187014e-25},
{0.0019620774504072402,-0.001596301165521098,-0.0024288526777801198,0.0024962299407708948,2.1096402023674644e-05,-0.00057648551101911326,0.00010700989447798138,3.8222029866131853e-05,0.99999056290185873,-1.9852334703505539e-23,4.2351650177095704e-22,-1.3234890838120607e-22,-1.9852337426219785e-23,-6.6174436522282721e-24,-1.5509638343985705e-25},
{6.7729239369407084e-06,-5.5102954127933042e-06,-8.3841921924260107e-06,8.6167727550439904e-06,7.2822979653435182e-08,-1.989978793176819e-06,3.6938902470388693e-07,1.3193918565500879e-07,-6.5152422479570741e-08,0.9999999998875484,1.654361334619623e-24,-6.2038550007798856e-25,-1.5509637560222495e-25,3.8774096143713905e-26,-1.2116904238618357e-27},
{-0.00016432843213561626,0.00013369383950256064,0.00020342191504476993,-0.00020906491348326938,-1.7668714695913534e-06,4.8281967745466967e-05,-8.9623211249457061e-06,-3.2011816045480249e-06,1.5807641626551563e-06,5.4567145008189589e-09,0.99999993380308283,8.2718061431939131e-24,1.2407709280275497e-24,-8.2718061686605751e-25,2.5849394206872591e-26},
{2.9514260189643135e-05,-2.4012124460449599e-05,-3.6535657590598749e-05,3.7549170115480475e-05,3.1733951086528929e-07,-8.6716981351811728e-06,1.6096805290911795e-06,5.7494923771290674e-07,-2.8391364895737779e-07,-9.8005493915293978e-10,2.3778637370863318e-08,0.9999999978646148,-6.2038545950124012e-25,2.0679515322343324e-25,-9.6935228047144074e-27},
{7.5401765889728008e-06,-6.1345145548224711e-06,-9.3339730780048415e-06,9.5929009103015016e-06,8.1072536977301279e-08,-2.2154082414871728e-06,4.1123427669170448e-07,1.4688556495046053e-07,-7.2533041160539645e-08,-2.5038023181422361e-10,6.0748642747404497e-09,-1.091077999972268e-09,0.99999999986062793,1.2924697071517216e-26,-2.4233807008501522e-27},
{-3.4509034922651715e-06,2.8075758506170913e-06,4.2718681600511517e-06,-4.390371347632188e-06,-3.7104369861963644e-08,1.0139232081808086e-06,-1.8820909362387665e-07,-6.7224938709285638e-08,3.3196109148369269e-08,1.1459121761491471e-10,-2.7802757791372412e-09,4.9935234752253116e-10,1.2757239601500078e-10,0.99999999997080691,4.5438388140732576e-28},
{5.1393367468595015e-08,-4.1812463811326402e-08,-6.3619771059662393e-08,6.5384606813314392e-08,5.5258529230988703e-10,-1.5100082671036616e-08,2.8029468605028822e-09,1.0011627348849121e-09,-4.9438062809165174e-10,-1.7065758485443366e-12,4.140589126920009e-11,-7.4367187462798472e-12,-1.8999010090961584e-12,8.6952539519321933e-13,0.99999999999999345}
}
B={
{1,0,0,0,0,0,0,0,0,0,0,0,0,0,0},
{0,0.7215635596309774,-0.5810615529843508,-0.37644853706195658,-7.4956229309102914e-17,1.4308572482424045e-18,-4.8086608044385709e-17,8.7283934600955156e-18,-1.2846193255075082e-18,1.9030976599398271e-18,1.242134494529947e-18,1.2748156290150641e-19,5.3773067243646584e-19,-1.9148322785563737e-19,0},
{0,-0.66204861999689257,-0.69451566745429671,-0.19698258670234337,0.18666464285634038,-0.01899404020445148,0.068997850956644874,-0.011593696967513847,-0.020920287772052286,-0.00048314802047670142,-8.0303668137317103e-06,3.329148094840275e-05,-1.4472110226508705e-05,2.5915665504570462e-07,0},
{0,-0.10190265887462403,0.40599374447457875,-0.82198911796763863,0.3232570987884531,-0.1294010579569731,-0.16173664583093159,-0.0087672458044151004,-0.040479980362969521,0.0012051472809976246,0.0017521891730090525,0.00049096285626821937,-0.00017938559104973994,1.6306753306307039e-06,0},
{0,0.16986567877189906,-0.020369593422577308,0.35703385241060387,0.9088188584262431,-0.11372586387124449,-0.057271499755165593,-0.016307350332431834,-0.028624450800523244,-0.0021718873122714539,-0.0014137971035237656,-0.0004752410232076353,0.00011904461069853289,-6.5164945687182068e-06,0},
{0,-0.038147055063417784,-0.11983904183608467,0.11185681645909315,-0.11759316220079823,-0.14729843913629651,-0.96496343483828273,0.069111767353539064,-0.0042009030457721298,0.010379498035468776,0.0090169449874270384,0.0028134789041806244,-0.0010033494237269278,2.6211654427301484e-05,0},
{0,-0.017210745601911291,0.018512353994912242,-0.061563432290039202,0.14204418568635008,0.87284422529484662,-0.15575339078243883,0.080368006909687706,0.42689525373615544,-0.019165641668088415,-0.014099054084950692,-0.0035104735951031469,0.0011458411153919682,3.394249418062663e-06,0},
{0,0.0068717273231390071,0.0071806730601110197,0.0020878683563253378,0.015488267490623773,0.42999299297985266,-0.079900057462509666,-0.21154813514440174,-0.87381863759854272,-0.007828772452338555,-0.0019391431152641974,-0.0014588390051409931,0.00041465776169291032,-5.8953370710549961e-05,0},
{0,0.00017738488155597966,-0.0037222081863159634,0.0060853644264661985,-0.021507401107852292,-0.034868983019225065,-0.062404959098794795,-0.92958513372512741,0.2158534990756858,-0.26340431882193915,-0.11813860489703835,-0.017377282160550497,0.0035881548004192245,0.001274756478688793,0},
{0,-0.00069369648072236246,-4.5120972337952072e-05,-0.0012600076583551428,-0.001210851360682393,-0.017002475573336027,0.0069577703717200986,0.2504676617997329,-0.062177097914489318,-0.60660970047044138,-0.68399218965664454,-0.29508192352091317,0.10077843864714579,-0.0029406821019132825,0},
{0,0.00010537568458488697,0.00030503435919195649,-0.00026885078419466819,0.0008993092846492839,-0.0028082331029299257,0.0077186026952293834,0.12799901522386931,-0.028273436949459239,-0.74063634810804335,0.53035654082929207,0.38528585096817586,-0.066950130083806597,-0.00080576819692146947,0},
{0,3.5442439913983547e-05,-5.4632140875357191e-05,0.00015226147556206957,-8.5288973931181878e-05,0.00059823500436020959,-0.000535037301834698,-0.015874989710730949,0.0054139462533760244,-0.090643228484939359,0.45685133971080766,-0.7044178644144844,0.53530779109656845,-0.0054492805331361246,0},
{0,-1.4543361080776332e-05,-1.4485341973370804e-05,-5.5175777919027744e-06,-3.7883033447246366e-05,-8.6065307886828229e-06,-0.00054877091876014865,-0.005844287850886456,0.00071367546973166013,0.073030508020337725,-0.16670336595242446,0.51652808134401751,0.83340837727238881,-0.073964737612181225,0},
{0,-1.5604596815919903e-07,6.3934167760775598e-06,-1.0167567112645996e-05,3.0257402103403852e-05,2.0590652812011003e-05,8.394171938174554e-05,0.0014953812416946997,-0.00045271443063013008,0.0028701264444651571,-0.011305633692855515,0.033924617756375737,0.064977064038094196,0.99724049097230194,0},
{0,0,0,0,0,0,0,0,0,0,0,0,0,0,1}
}
r={[0, 0],[-2.2920000000000002e-06, 2.2920000000000002e-06],[-9.5500000000000002e-08, 9.5500000000000002e-08],[-6.3666666666666668e-08, 6.3666666666666668e-08],[-4.7750000000000001e-08, 4.7750000000000001e-08],[-3.8200000000000005e-08, 3.8200000000000005e-08],[-3.1833333333333334e-08, 3.1833333333333334e-08],[-2.7285714285714287e-08, 2.7285714285714287e-08],[-2.3875e-08, 2.3875e-08],[-2.1222222222222225e-08, 2.1222222222222225e-08],[-1.9100000000000002e-08, 1.9100000000000002e-08],[-1.7363636363636365e-08, 1.7363636363636365e-08],[-1.5916666666666667e-08, 1.5916666666666667e-08],[-1.4692307692307694e-08, 1.4692307692307694e-08],[-2.3875000000000004e-07, 2.3875000000000004e-07]}
iterations=2
