S=8.3637733062744146e-05
a={0,0.67957935703533512,-0.58016490393721665,-0.091832588931562154,0.076742228469674004,-0.011151763291168956,-0.0060185738466877131,0.0017816168843938543,0.00011358258065372719,-0.00015585264400702349,1.6891803083592063e-05,7.4267990803862799e-06,-2.3354711948160415e-06,-1.0251395910589277e-07,0}
E={
{-0.45162563684315132,0.3674324163996725,0.55906683640336186,-0.57457453564428673,-0.0048554559841854717,0.1326935222140451,-0.024631234406050209,-0.0087977861383817281,0.0043444201235314948,1.4992511299039835e-05,-0.00036385584451413951,6.5349951960350596e-05,1.6693033966726002e-05,-7.6400383825036113e-06,0.0013500734843366149},
{0.63109591068973903,0.77570480951885878,7.6959933127654403e-17,-8.9048048191057234e-17,-8.9956625746978951e-19,2.323347380522199e-17,-1.9639497257346486e-18,-1.5068853541227654e-18,5.3131337868798543e-19,2.7299492167940892e-21,-5.5747217631443993e-20,1.4831619597933511e-20,2.8954814868340135e-21,-1.1672125194833535e-21,2.1273398936663648e-19},
{0.53727132805977762,-0.43711181612975097,0.72129936936381256,-1.0220834539109046e-16,-9.4099820491369451e-19,4.6443232742806881e-17,-8.5405369570039042e-18,-1.4402223111600499e-18,1.6923760277903692e-18,4.3645057814347027e-21,-1.1856348533156479e-19,1.4420255269172949e-20,6.1693172938878081e-21,-2.826891593741355e-21,3.5897317528530169e-19},
{-0.32447182875978164,0.26398295041039199,0.40166328925597466,0.81467639974285411,8.6737215312260742e-19,-1.4002260126579258e-17,1.7811511455270001e-18,1.7515616590055885e-18,-6.5887543068632753e-19,-2.5699499618567494e-21,5.4910305033116512e-20,-1.3678285880044433e-20,-2.5732227392436138e-21,1.4970100667156149e-21,-2.7364885727859842e-19},
{-0.0022337808520372549,0.0018173536425179011,0.0027651946485947412,-0.002841897118068505,0.99998799231199198,-3.2816462964578681e-19,4.1743253351444367e-20,2.072176425201408e-20,-3.5826058736435835e-21,-3.3758461218360397e-23,1.2216948523167632e-22,-1.8821427332131658e-22,-1.3982262261812429e-23,1.6885668363885287e-23,-1.3309954176337556e-21},
{0.060505493500047039,-0.049225902757814383,-0.074899678132850062,0.076977286043200713,0.00065049841400595344,0.9911508504031189,-6.507187476255183e-19,-6.5068750581308661e-19,2.169369853212765e-19,8.4737320427366663e-22,-6.7845217852379291e-21,1.6955491854370345e-21,3.7889371748192853e-25,-3.1781076663881224e-22,4.0688262107164519e-20},
{-0.011128566489154661,0.0090539503132649156,0.01377603916439517,-0.014158166413199655,-0.00011964392706505697,0.0032697184662968388,0.99969657531015899,6.7765258436510848e-20,-1.3555245182055475e-20,-7.9419160036597514e-23,2.5413373633516588e-21,-5.2943846279827664e-22,-2.6480730829903153e-23,-1.3229877660715127e-23,3.3872491800692043e-21},
{-0.0039735423331045874,0.003232784284179308,0.0049188433079478365,-0.0050552848524394083,-4.2719806684463127e-05,0.0011674787364415714,-0.00021671323468967264,0.99996129792430644,-1.6940818816543016e-20,-6.6175552433198459e-23,1.0588180336436601e-21,-3.1764219077682426e-22,-2.6471014976303204e-23,1.3235455206997262e-23,-2.541201070753743e-21},
{0.001962073866680591,-0.0015962989767993967,-0.0024288488959624565,0.0024962216244586665,2.1094381098424734e-05,-0.00057648297832215171,0.00010700965000571759,3.8221714753448707e-05,0.99999056294387023,3.3087224505839055e-23,-6.3527475267362448e-22,2.1175825240372521e-22,1.9852338801902516e-23,-6.6174467786497838e-24,4.2351719153544809e-22},
{6.7710157332081078e-06,-5.5087454505973816e-06,-8.3818322884905779e-06,8.6143321002376036e-06,7.2795621370443123e-08,-1.9894130299740617e-06,3.6928478386984182e-07,1.3190116658738622e-07,-6.5133895439850375e-08,0.9999999998876119,-1.6543613346175541e-24,8.2718065365675023e-25,2.5849405096625808e-26,-6.4623535509729295e-27,4.9630890847325199e-24},
{-0.00016432693865112177,0.00013369268531828704,0.0002034201210757177,-0.0002090626987637256,-1.7666893828562063e-06,4.8281405007664627e-05,-8.96223556624649e-06,-3.2011319665841667e-06,1.5807456461161805e-06,5.4551231893843919e-09,0.99999993380433894,-6.6174449145542277e-24,-7.2188518677217663e-33,3.3038914421951542e-33,-1.0587921548359935e-22},
{2.9513767539427903e-05,-2.4011734585909744e-05,-3.6535057584303315e-05,3.7548486834394758e-05,3.1730439444681689e-07,-8.6715311291625326e-06,1.6096529230509478e-06,5.7493595085696468e-07,-2.8390816454924106e-07,-9.7976168138962928e-10,2.3778005358411673e-08,0.99999999786468785,-2.0679515316708004e-25,-5.1698788259702524e-26,2.6469803720815729e-23},
{7.5390158389096475e-06,-6.1335729883022975e-06,-9.3325387019998814e-06,9.5914097240693952e-06,8.1052439418127803e-08,-2.2150615113105829e-06,4.1117078210420636e-07,1.4686201055418543e-07,-7.2521684887336625e-08,-2.5027095657934904e-10,6.0738690434985704e-09,-1.090890956378928e-09,0.99999999986067101,0,4.9630881984270827e-24},
{-3.450443489222888e-06,2.8072028810357128e-06,4.2712998739227127e-06,-4.3897795073037996e-06,-3.7095937699523291e-08,1.0137854506796199e-06,-1.8818391927869037e-07,-6.7215546293925917e-08,3.3191596992741567e-08,1.1454357055651071e-10,-2.779877684746068e-09,4.9927705131790649e-10,1.2753565268897714e-10,0.99999999997081479,-2.4815440992135414e-24},
{0.00060972835282428013,-0.00049606121475212852,-0.00075478199967042527,0.00077571855229918458,6.5552283527172326e-06,-0.00017914616914920751,3.3254006764114622e-05,1.1877668611002198e-05,-5.8652917589297012e-06,-2.0241010415087975e-08,4.9123257548406817e-07,-8.8227317750273672e-08,-2.2536843070550656e-08,1.0314622639759573e-08,0.99999908865037812}
}
B={
{1,0,0,0,0,0,0,0,0,0,0,0,0,0,0},
{0,0.7215635596309774,-0.5810615529843508,-0.37644853706195658,-7.4956229309102914e-17,1.4308572482424045e-18,-4.8086608044385709e-17,8.7283934600955156e-18,-1.2846193255075082e-18,1.9030976599398271e-18,1.242134494529947e-18,1.2748156290150641e-19,5.3773067243646584e-19,-1.9148322785563737e-19,0},
{0,-0.66204861999689257,-0.69451566745429671,-0.19698258670234337,0.18666464285634038,-0.01899404020445148,0.068997850956644874,-0.011593696967513847,-0.020920287772052286,-0.00048314802047670142,-8.0303668137317103e-06,3.329148094840275e-05,-1.4472110226508705e-05,2.5915665504570462e-07,0},
{0,-0.10190265887462403,0.40599374447457875,-0.82198911796763863,0.3232570987884531,-0.1294010579569731,-0.16173664583093159,-0.0087672458044151004,-0.040479980362969521,0.0012051472809976246,0.0017521891730090525,0.00049096285626821937,-0.00017938559104973994,1.6306753306307039e-06,0},
{0,0.16986567877189906,-0.020369593422577308,0.35703385241060387,0.9088188584262431,-0.11372586387124449,-0.057271499755165593,-0.016307350332431834,-0.028624450800523244,-0.0021718873122714539,-0.0014137971035237656,-0.0004752410232076353,0.00011904461069853289,-6.5164945687182068e-06,0},
{0,-0.038147055063417784,-0.11983904183608467,0.11185681645909315,-0.11759316220079823,-0.14729843913629651,-0.96496343483828273,0.069111767353539064,-0.0042009030457721298,0.010379498035468776,0.0090169449874270384,0.0028134789041806244,-0.0010033494237269278,2.6211654427301484e-05,0},
{0,-0.017210745601911291,0.018512353994912242,-0.061563432290039202,0.14204418568635008,0.87284422529484662,-0.15575339078243883,0.080368006909687706,0.42689525373615544,-0.019165641668088415,-0.014099054084950692,-0.0035104735951031469,0.0011458411153919682,3.394249418062663e-06,0},
{0,0.0068717273231390071,0.0071806730601110197,0.0020878683563253378,0.015488267490623773,0.42999299297985266,-0.079900057462509666,-0.21154813514440174,-0.87381863759854272,-0.007828772452338555,-0.0019391431152641974,-0.0014588390051409931,0.00041465776169291032,-5.8953370710549961e-05,0},
{0,0.00017738488155597966,-0.0037222081863159634,0.0060853644264661985,-0.021507401107852292,-0.034868983019225065,-0.062404959098794795,-0.92958513372512741,0.2158534990756858,-0.26340431882193915,-0.11813860489703835,-0.017377282160550497,0.0035881548004192245,0.001274756478688793,0},
{0,-0.00069369648072236246,-4.5120972337952072e-05,-0.0012600076583551428,-0.001210851360682393,-0.017002475573336027,0.0069577703717200986,0.2504676617997329,-0.062177097914489318,-0.60660970047044138,-0.68399218965664454,-0.29508192352091317,0.10077843864714579,-0.0029406821019132825,0},
{0,0.00010537568458488697,0.00030503435919195649,-0.00026885078419466819,0.0008993092846492839,-0.0028082331029299257,0.0077186026952293834,0.12799901522386931,-0.028273436949459239,-0.74063634810804335,0.53035654082929207,0.38528585096817586,-0.066950130083806597,-0.00080576819692146947,0},
{0,3.5442439913983547e-05,-5.4632140875357191e-05,0.00015226147556206957,-8.5288973931181878e-05,0.00059823500436020959,-0.000535037301834698,-0.015874989710730949,0.0054139462533760244,-0.090643228484939359,0.45685133971080766,-0.7044178644144844,0.53530779109656845,-0.0054492805331361246,0},
{0,-1.4543361080776332e-05,-1.4485341973370804e-05,-5.5175777919027744e-06,-3.7883033447246366e-05,-8.6065307886828229e-06,-0.00054877091876014865,-0.005844287850886456,0.00071367546973166013,0.073030508020337725,-0.16670336595242446,0.51652808134401751,0.83340837727238881,-0.073964737612181225,0},
{0,-1.5604596815919903e-07,6.3934167760775598e-06,-1.0167567112645996e-05,3.0257402103403852e-05,2.0590652812011003e-05,8.394171938174554e-05,0.0014953812416946997,-0.00045271443063013008,0.0028701264444651571,-0.011305633692855515,0.033924617756375737,0.064977064038094196,0.99724049097230194,0},
{0,0,0,0,0,0,0,0,0,0,0,0,0,0,1}
}
r={[0, 0],[-1.5280000000000002e-06, 1.5280000000000002e-06],[-1.9100000000000002e-08, 1.9100000000000002e-08],[-1.2733333333333335e-08, 1.2733333333333335e-08],[-9.5500000000000011e-09, 9.5500000000000011e-09],[-7.6400000000000009e-09, 7.6400000000000009e-09],[-6.3666666666666674e-09, 6.3666666666666674e-09],[-5.4571428571428573e-09, 5.4571428571428573e-09],[-4.7750000000000006e-09, 4.7750000000000006e-09],[-4.244444444444445e-09, 4.244444444444445e-09],[-3.8200000000000005e-09, 3.8200000000000005e-09],[-3.4727272727272731e-09, 3.4727272727272731e-09],[-3.1833333333333337e-09, 3.1833333333333337e-09],[-2.9384615384615388e-09, 2.9384615384615388e-09],[-2.3875000000000004e-07, 2.3875000000000004e-07]}
iterations=3
