S=8.3637733062744146e-05
a={0,0.67716699592085028,-0.56933346061407542,-0.091393355965115108,0.075026531747012515,-0.010568189239607442,-0.0058710449485312255,0.0017002584328542553,0.00011748239211351009,-0.00014871998749546901,1.5358416903570762e-05,7.1495281073052236e-06,-2.1665668688296483e-06,-1.104454663292165e-07,0}
E={
{-0.44677457328468689,0.3733440612958957,0.5572797341097544,-0.57659101745943253,-0.0027582703286215555,0.13149574948930412,-0.024405293919987157,-0.0086379756497375199,0.0042454723022658028,1.8252044526938913e-05,-0.00035288032435292811,6.2436486201750027e-05,1.6195867884050525e-05,-7.2709080581014563e-06,0.0012894988200299743},
{0.64122978252057439,0.76734892064081062,1.921021894274208e-16,-1.8034747314823296e-16,-3.7593118873244778e-19,2.8259318026572754e-17,-7.847721818934507e-18,-2.2906046870749626e-18,1.3463508520476073e-18,5.1942976683348964e-21,-1.0296579325972642e-19,2.0198599037715205e-20,4.3287530959316253e-21,-1.9865859718039847e-21,3.3142123344330764e-19},
{0.53058931819873534,-0.44338326928535998,0.72241695158075236,-3.412721334641199e-17,-4.8895250020856775e-19,3.0633924975591017e-17,-1.4465966030786848e-18,-1.2893476510387714e-18,-7.5745130467678936e-21,8.5706598679900005e-22,-2.1934662539944617e-20,8.2593475061104977e-21,3.8470825370242099e-22,-1.0197423298111052e-21,1.9326054789950358e-19},
{-0.32254511156977739,0.26953257661748381,0.40232337461037748,0.8132974507438826,6.5052382341792868e-19,-6.9999567212814036e-18,6.9634850304427166e-18,2.1779205776716467e-18,-1.5226136087945101e-18,-5.9496269961375492e-21,1.088145620887339e-19,-5.1519718518379411e-21,-3.8297475099290144e-21,2.1257077719988122e-21,-3.2670196621482746e-19},
{-0.0012548943044115044,0.0010486436877139469,0.001565279687151475,-0.0016195209554229037,0.99999612631153578,-1.0937056961706437e-19,2.0686081683606333e-20,6.9051187626104239e-21,-6.34551952641962e-23,-2.3433862385704861e-23,2.1703259615468426e-22,-2.7402994867325943e-23,-2.0094408415975004e-23,6.7261205056597994e-24,-6.5454890619486401e-22},
{0.059304841859877569,-0.049557678163499937,-0.073973293198210666,0.07653667230177974,0.00036613271082788475,0.99131071208790911,0,0,0,0,-1.3552527999880344e-20,2.5410991453139196e-21,4.2351655370784689e-22,-3.7057695040958889e-22,5.4210160078646048e-20},
{-0.010907943789738058,0.0091151472764167078,0.013605913089767413,-0.014077395590970024,-6.7342815595583657e-05,0.0032104518246718408,0.99970211832265543,-1.3553032802738773e-20,-2.7104801556555302e-20,-7.9409302349162739e-23,-7.0457412194885994e-28,-2.1175811256331213e-22,-7.9409306692375505e-23,6.6174434594097332e-23,2.5553346354206731e-27},
{-0.0038594483517779181,0.0032251211420135338,0.0048140437703885017,-0.0049808636951364131,-2.3827233039005327e-05,0.0011359219704495463,-0.00021082437772064336,0.9999626912530728,-1.016448697016309e-20,-1.3235677435821013e-23,-4.2350127202222455e-22,-5.2942244319972205e-23,-5.2940255749607766e-23,-6.6171321928155056e-24,-5.5458805196522741e-26},
{0.0018967895690308152,-0.0015850389961078119,-0.0023659412372558984,0.0024479276416140708,1.1710286799519363e-05,-0.00055826759381015544,0.00010361311879551733,3.6672682577940876e-05,0.99999098792570817,6.6174449015256126e-24,-3.176373750398188e-22,1.0587912561909426e-22,2.6469781529557274e-23,-1.654361311854153e-23,2.117584282629138e-21},
{8.1545640157246988e-06,-6.8143046399108379e-06,-1.0171512745351186e-05,1.0523983780448354e-05,5.0344163057565385e-08,-2.4000705750167206e-06,4.4544730943383173e-07,1.5766099866469287e-07,-7.748868833623749e-08,0.99999999983343102,8.2718066405529081e-25,6.2038544239901983e-25,2.5849390045507978e-26,-5.1698786448259852e-26,3.3087248756733636e-24},
{-0.00015765822896902985,0.0001317460012714499,0.00019665339339732549,-0.00020346797711377469,-9.7334101139905529e-07,4.6402342973597921e-05,-8.6121629272801945e-06,-3.0481769201924713e-06,1.4981462337736793e-06,6.4407985307334249e-09,0.99999993773763252,-3.3087224566617191e-24,-8.2718061600728835e-25,4.1359030788684706e-25,-5.2939603505126948e-23},
{2.7895080927487384e-05,-2.3310330144973749e-05,-3.4794646364833902e-05,3.6000377048862016e-05,1.7221699406729125e-07,-8.2101462190584957e-06,1.5237833342931907e-06,5.3932574548183741e-07,-2.6507281418552882e-07,-1.1395954237678527e-09,2.2032644188259394e-08,0.99999999805083917,-1.0339757658269366e-25,2.5849394155142023e-26,1.3234900801998017e-23},
{7.2359139961333281e-06,-6.0466411475543646e-06,-9.0256439576671e-06,9.3384074715929331e-06,4.4672656121086525e-08,-2.129691327700966e-06,3.9526557332271415e-07,1.3989974506084299e-07,-6.87592228588771e-08,-2.9560819336594218e-10,5.7152126164493585e-09,-1.0112147633091664e-09,0.99999999986884669,-2.584939414296684e-26,6.6174504024419514e-24},
{-3.2484622467027722e-06,2.7145548575737876e-06,4.0519364470514825e-06,-4.1923472462507388e-06,-2.0055163307196826e-08,9.5609509439495795e-07,-1.7744894329124147e-07,-6.2806031193342172e-08,3.0868490102154741e-08,1.3270915830099954e-10,-2.56576466032295e-09,4.5397070552160549e-10,1.1775886211948693e-10,0.99999999997356681,-4.1359065013742517e-24},
{0.00057611576405492066,-0.00048142712676667044,-0.00071861215701813155,0.00074351405481434222,3.5567892912098492e-06,-0.00016956375478139013,3.1470623877109128e-05,1.1138668668517304e-05,-5.4745360757926064e-06,-2.353600944855349e-08,4.5503914018623367e-07,-8.0511842221838044e-08,-2.0884569889358399e-08,9.3758351565746402e-09,0.99999916859605087}
}
B={
{1,0,0,0,0,0,0,0,0,0,0,0,0,0,0},
{0,-0.75998795376379735,0.52805632414982118,0.37891269266058575,3.5900167935335549e-17,1.4209794119678064e-16,1.1485291256754027e-17,-5.8358647521561301e-19,-5.2115749458600939e-18,1.7691744214966556e-18,3.2370212594058093e-19,1.3312535602396944e-19,-3.8671662856397948e-21,7.8305544624032219e-21,0},
{0,0.61296441698338666,0.73732475319971125,0.2018844329990073,0.19330800692231159,0.044150089886423549,-0.022273021360665751,-0.0072969163481932438,0.0014184862086437167,-0.00095866938129641468,0.00016099932979459633,-4.5019583776714527e-05,-9.8019231225633908e-10,4.8560229268615122e-07,0},
{0,0.12976831234340269,-0.40291280870345675,0.8217803650008505,0.28978516003642779,0.026872858380450459,0.24621708821190016,0.010541138357004522,-0.0075633595633213284,0.0030534305182392152,-0.0006144388785544419,-0.00014191808078354976,1.4397677196563938e-05,6.6362366098575584e-06,0},
{0,-0.16926570785448344,0.0093452394455782965,-0.35252108026978168,0.83785191931478809,0.27364083025724495,0.26405362536592786,0.015437426599048875,-0.012259325828756384,0.0015480854526898321,-0.00043282070005240005,-0.00016037299893120846,-4.6002824586590911e-06,2.1558305687660749e-06,0},
{0,0.028840086726017958,0.12130880781833744,-0.11121233324326389,-0.31516828722391621,-0.065263695783018605,0.93064644567965304,0.0084453492048751962,-0.047708706220044431,0.0062786865669273136,-0.0020294861397368294,-0.0002184395887462016,1.8851584341971189e-05,4.6457994135873401e-07,0},
{0,0.018216231017084295,-0.017224469039839853,0.060540611034957031,-0.27678273158435923,0.95614521337160496,-0.017357215233604582,-0.035184782595441708,0.0090818542763145584,0.056952913908463458,0.004199789532164269,-0.00094288929816885563,0.00029408452867825949,-3.6984349469839071e-05,0},
{0,-0.0061646232889048993,-0.0075441210262966341,-0.0018508712813168368,0.021384070081742052,-0.030668009731517249,0.021765409864202688,-0.99040217171872857,0.1299343419492783,-0.0065722570048636448,0.013439356697367367,-0.0051678527354864492,-0.00045250947606696745,-4.7876633920978577e-05,0},
{0,-0.00045012079393966638,0.0036242822151534839,-0.0059536446496634343,0.0071707414857043131,-0.036812824802471528,0.034114308238566565,0.1021667405997668,0.7846367313096998,0.60219955325178531,0.092247955235638016,0.011005206245235044,0.0033340735116800355,-0.0013287804391634555,0},
{0,0.00066658093304056587,9.4019021548633966e-05,0.0012059404428809706,-0.014402339814958441,0.040495191199084159,0.032845622093455568,0.08285485521035614,0.58249143295314987,-0.79383989510271313,0.14276880367798775,-0.016265877909700178,0.0090242422965837212,-0.00021715329962976196,0},
{0,-7.8062018272393268e-05,-0.00030327559121548443,0.00026607818191620974,0.0021079147914142638,-0.005794548573430776,-0.005865457551940052,-0.0084304265337949713,-0.15820738837389944,0.055504605895209697,0.97733254741289199,0.12846565310758148,-0.007880751792056901,-0.0012481303836096556,0},
{0,-3.8105726983084038e-05,4.9765422757252974e-05,-0.0001457825001840027,0.0006434980868241741,-0.0026546854529036898,-0.0013392921923592374,0.0036913944122572489,-0.022825454546626437,0.027306939268068823,0.12522644005561703,-0.98639131405820957,0.10030403866973152,0.00019250584488559081,0},
{0,1.2730244487388659e-05,1.5031665341301192e-05,4.5848728389306485e-06,-0.00015547112544859006,0.00031692309099900172,0.00032742755148388859,0.0019701596131728658,0.0067803396084953685,-0.0028659569810551904,0.0064462339372166957,-0.1005509599703613,-0.99455401731722948,-0.02553344243049209,0},
{0,6.4736910982631675e-07,-6.0750362662265393e-06,9.7646611385528281e-06,7.954050704145315e-06,5.6187602225600813e-06,-5.1552530409228268e-05,-0.00014404662910743151,-0.0011561896025473932,-0.00062061758290682801,-0.0015152073877086813,0.0022070970855068354,0.025425486943427611,-0.99967226224774763,0},
{0,0,0,0,0,0,0,0,0,0,0,0,0,0,1}
}
r={[0, 0],[-1.7190000000000002e-06, 1.7190000000000002e-06],[-1.9100000000000002e-08, 1.9100000000000002e-08],[-1.2733333333333335e-08, 1.2733333333333335e-08],[-9.5500000000000011e-09, 9.5500000000000011e-09],[-7.6400000000000009e-09, 7.6400000000000009e-09],[-6.3666666666666674e-09, 6.3666666666666674e-09],[-5.4571428571428573e-09, 5.4571428571428573e-09],[-4.7750000000000006e-09, 4.7750000000000006e-09],[-4.244444444444445e-09, 4.244444444444445e-09],[-3.8200000000000005e-09, 3.8200000000000005e-09],[-3.4727272727272731e-09, 3.4727272727272731e-09],[-3.1833333333333337e-09, 3.1833333333333337e-09],[-2.9384615384615388e-09, 2.9384615384615388e-09],[-2.3875000000000004e-07, 2.3875000000000004e-07]}
iterations=5
