S=8.3637733062744146e-05
a={0,0.67957833208697127,-0.58016037264803055,-0.091832401548548825,0.076741506581000762,-0.011151517046589251,-0.0060185115713139205,0.0017815824010999283,0.0001135842706786208,-0.00015584961192869256,1.6891145613756053e-05,7.426681760337775e-06,-2.3353986876701967e-06,-1.0251750521139905e-07,0}
E={
{-0.45162363917229964,0.36743490335556722,0.55906611655269622,-0.57457534660355425,-0.0048545680916873644,0.13269301252619267,-0.024631139305524755,-0.008797717631067908,0.0043443782322041382,1.4993812115912315e-05,-0.00036385116744509939,6.5348716008295241e-05,1.6692820666326879e-05,-7.6398806851911428e-06,0.0013500478228656745},
{0.63110016065888752,0.77570135182061306,1.1543982649087117e-16,-1.2505479550431311e-16,-1.6502848459646199e-18,4.6440318578619044e-17,-6.550634336724752e-18,-2.5568579410693674e-18,1.3791044754196219e-18,4.6815004629303914e-21,-1.129269783187203e-19,1.4410880644722406e-20,4.5005217958198879e-21,-2.14940212839068e-21,3.8245805645335136e-19},
{0.53726856369961962,-0.43711445915619895,0.7212998267410935,-1.7034735754272646e-16,-1.3513997082547275e-18,2.7232493697442138e-17,-7.7075129361592571e-18,-1.762099867654329e-18,5.5026614267639134e-19,3.6425347958178842e-21,-1.3187334356230494e-19,1.8504784195914927e-20,5.0858832379227053e-21,-1.8358089671101069e-21,3.5414790293923366e-19},
{-0.32447102131179545,0.26398524792874534,0.40166354921352143,0.81467584868957321,1.301058223968392e-18,-4.9006768381105341e-17,7.9690663701040529e-18,4.3959750677261418e-18,-1.7640395238484538e-18,-6.4539824820774398e-21,1.2442940661867598e-19,-2.077001582592249e-20,-6.0419381567987777e-21,3.2279569290443099e-21,-6.0542706726325948e-19},
{-0.0022333621611265535,0.0018170333407159002,0.0027646850208396753,-0.0028413810228631181,0.99998799670491756,-3.281646070186676e-19,4.8521565180312217e-20,1.3946702802251242e-20,-8.6653152683685695e-21,-3.3760457529861821e-23,9.6924930987432358e-22,-2.1469246463660621e-22,-4.04541951736029e-23,2.019537364165004e-23,-3.0252366307155815e-21},
{0.060504988905741318,-0.04922604315366471,-0.074899288357870131,0.076977093217428766,0.0006503769135469238,0.99115091874350791,-1.301437492199624e-18,-8.6767735382326212e-19,3.2543615087386434e-19,1.4829239540209454e-21,-4.0672539675577848e-20,5.084884714800038e-21,8.4771933136066973e-22,-4.2383061429214679e-22,8.1370749024624561e-20},
{-0.011128474253014263,0.0090539766012806451,0.013775968182692397,-0.014158131675332787,-0.00011962158605527882,0.003269693269729992,0.99969657765403741,6.7765258395656481e-20,-8.1318520388286437e-20,-2.382422524651024e-22,5.9295764866436877e-21,-9.5297425489401266e-22,-1.5883456390737259e-22,1.0588638917532887e-22,-1.3553824329047066e-20},
{-0.0039734938114819197,0.0032327809883503384,0.0049187986669667234,-0.005055252617297749,-4.2711662093440882e-05,0.0011674651598530819,-0.0002167107102268234,0.9999612985270695,-2.3717146338845832e-20,-7.9410883723276635e-23,1.4823452461828986e-21,-4.7646280247097623e-22,-7.941106832798311e-23,5.2940350768765052e-23,-5.9293759124387887e-21},
{0.001962046268030925,-0.0015962943883857533,-0.0024288223476855567,0.0024962010770122338,2.1090320304432405e-05,-0.0005764752051020752,0.00010700820497422457,3.8221048563494675e-05,0.99999056312586576,7.2791893912850133e-23,-1.3764286307966327e-21,2.6469782938117736e-22,5.9557012779112251e-23,-3.6395950927657253e-23,3.388135579344784e-21},
{6.771573263354522e-06,-5.5092607024420342e-06,-8.382548739552072e-06,8.6150916767200244e-06,7.2788624517200465e-08,-1.9895779979611059e-06,3.6931539870883328e-07,1.3191158372105016e-07,-6.513891862925607e-08,0.99999999988759236,-2.4815420019222875e-24,4.135903661638838e-25,1.2924698625276245e-25,-7.1211242061302783e-33,1.6543639911296507e-24},
{-0.00016432409949489687,0.00013369187168225927,0.00020341724434309814,-0.00020906030648802307,-1.7663436120509314e-06,4.8280598935417889e-05,-8.9620857609040054e-06,-3.2010658919119794e-06,1.5807100845751372e-06,5.4555263724868501e-09,0.99999993380604069,-8.2718061431924085e-24,-8.2718062169179096e-25,1.2407709231009118e-24,-2.6469803800147191e-22},
{2.951307880326398e-05,-2.4011442974235842e-05,-3.6534319559299323e-05,3.7547829679158877e-05,3.1724037056244445e-07,-8.6713338179225608e-06,1.6096162651503469e-06,5.7492060028220424e-07,-2.8390005747531189e-07,-9.7982815813020433e-10,2.377725000654805e-08,0.99999999786476856,-1.0339757658351651e-25,-3.1019272970324764e-25,6.6174509318770838e-24},
{7.538886159460981e-06,-6.1335361286377713e-06,-9.3324074355965015e-06,9.5913007034258777e-06,8.1036582282665263e-08,-2.2150246993808229e-06,4.1116394071509738e-07,1.4685899038690482e-07,-7.2520058928386083e-08,-2.5028947298988691e-10,6.0737133587223085e-09,-1.0908563855434703e-09,0.99999999986067456,-2.584939414303737e-26,6.6174509312729738e-24},
{-3.4503570067100509e-06,2.8071639377119459e-06,4.2712062105452505e-06,-4.3896950936177339e-06,-3.7088388598087137e-08,1.0137606311979228e-06,-1.8817930842111089e-07,-6.7213635510852501e-08,3.3190591840489215e-08,1.1455114436933843e-10,-2.7797845730455111e-09,4.9925730320928785e-10,1.2753139063617899e-10,0.99999999997081601,-8.2718136637592576e-25},
{0.00060971406646079718,-0.00049605514338252506,-0.00075476668132011646,0.0007757049026659151,6.553905055807542e-06,-0.00017914207592533105,3.3253246298306255e-05,1.1877350358017471e-05,-5.8651237190673172e-06,-2.0242381850730159e-08,4.9121692410973093e-07,-8.8223972173893483e-08,-2.2536126735571575e-08,1.0314213685493235e-08,0.99999908868502274}
}
B={
{1,0,0,0,0,0,0,0,0,0,0,0,0,0,0},
{0,0.7215635596309774,-0.5810615529843508,-0.37644853706195658,-7.4956229309102914e-17,1.4308572482424045e-18,-4.8086608044385709e-17,8.7283934600955156e-18,-1.2846193255075082e-18,1.9030976599398271e-18,1.242134494529947e-18,1.2748156290150641e-19,5.3773067243646584e-19,-1.9148322785563737e-19,0},
{0,-0.66204861999689257,-0.69451566745429671,-0.19698258670234337,0.18666464285634038,-0.01899404020445148,0.068997850956644874,-0.011593696967513847,-0.020920287772052286,-0.00048314802047670142,-8.0303668137317103e-06,3.329148094840275e-05,-1.4472110226508705e-05,2.5915665504570462e-07,0},
{0,-0.10190265887462403,0.40599374447457875,-0.82198911796763863,0.3232570987884531,-0.1294010579569731,-0.16173664583093159,-0.0087672458044151004,-0.040479980362969521,0.0012051472809976246,0.0017521891730090525,0.00049096285626821937,-0.00017938559104973994,1.6306753306307039e-06,0},
{0,0.16986567877189906,-0.020369593422577308,0.35703385241060387,0.9088188584262431,-0.11372586387124449,-0.057271499755165593,-0.016307350332431834,-0.028624450800523244,-0.0021718873122714539,-0.0014137971035237656,-0.0004752410232076353,0.00011904461069853289,-6.5164945687182068e-06,0},
{0,-0.038147055063417784,-0.11983904183608467,0.11185681645909315,-0.11759316220079823,-0.14729843913629651,-0.96496343483828273,0.069111767353539064,-0.0042009030457721298,0.010379498035468776,0.0090169449874270384,0.0028134789041806244,-0.0010033494237269278,2.6211654427301484e-05,0},
{0,-0.017210745601911291,0.018512353994912242,-0.061563432290039202,0.14204418568635008,0.87284422529484662,-0.15575339078243883,0.080368006909687706,0.42689525373615544,-0.019165641668088415,-0.014099054084950692,-0.0035104735951031469,0.0011458411153919682,3.394249418062663e-06,0},
{0,0.0068717273231390071,0.0071806730601110197,0.0020878683563253378,0.015488267490623773,0.42999299297985266,-0.079900057462509666,-0.21154813514440174,-0.87381863759854272,-0.007828772452338555,-0.0019391431152641974,-0.0014588390051409931,0.00041465776169291032,-5.8953370710549961e-05,0},
{0,0.00017738488155597966,-0.0037222081863159634,0.0060853644264661985,-0.021507401107852292,-0.034868983019225065,-0.062404959098794795,-0.92958513372512741,0.2158534990756858,-0.26340431882193915,-0.11813860489703835,-0.017377282160550497,0.0035881548004192245,0.001274756478688793,0},
{0,-0.00069369648072236246,-4.5120972337952072e-05,-0.0012600076583551428,-0.001210851360682393,-0.017002475573336027,0.0069577703717200986,0.2504676617997329,-0.062177097914489318,-0.60660970047044138,-0.68399218965664454,-0.29508192352091317,0.10077843864714579,-0.0029406821019132825,0},
{0,0.00010537568458488697,0.00030503435919195649,-0.00026885078419466819,0.0008993092846492839,-0.0028082331029299257,0.0077186026952293834,0.12799901522386931,-0.028273436949459239,-0.74063634810804335,0.53035654082929207,0.38528585096817586,-0.066950130083806597,-0.00080576819692146947,0},
{0,3.5442439913983547e-05,-5.4632140875357191e-05,0.00015226147556206957,-8.5288973931181878e-05,0.00059823500436020959,-0.000535037301834698,-0.015874989710730949,0.0054139462533760244,-0.090643228484939359,0.45685133971080766,-0.7044178644144844,0.53530779109656845,-0.0054492805331361246,0},
{0,-1.4543361080776332e-05,-1.4485341973370804e-05,-5.5175777919027744e-06,-3.7883033447246366e-05,-8.6065307886828229e-06,-0.00054877091876014865,-0.005844287850886456,0.00071367546973166013,0.073030508020337725,-0.16670336595242446,0.51652808134401751,0.83340837727238881,-0.073964737612181225,0},
{0,-1.5604596815919903e-07,6.3934167760775598e-06,-1.0167567112645996e-05,3.0257402103403852e-05,2.0590652812011003e-05,8.394171938174554e-05,0.0014953812416946997,-0.00045271443063013008,0.0028701264444651571,-0.011305633692855515,0.033924617756375737,0.064977064038094196,0.99724049097230194,0},
{0,0,0,0,0,0,0,0,0,0,0,0,0,0,1}
}
r={[0, 0],[-1.7190000000000002e-06, 1.7190000000000002e-06],[-9.5500000000000002e-08, 9.5500000000000002e-08],[-6.3666666666666668e-08, 6.3666666666666668e-08],[-4.7750000000000001e-08, 4.7750000000000001e-08],[-3.8200000000000005e-08, 3.8200000000000005e-08],[-3.1833333333333334e-08, 3.1833333333333334e-08],[-2.7285714285714287e-08, 2.7285714285714287e-08],[-2.3875e-08, 2.3875e-08],[-2.1222222222222225e-08, 2.1222222222222225e-08],[-1.9100000000000002e-08, 1.9100000000000002e-08],[-1.7363636363636365e-08, 1.7363636363636365e-08],[-1.5916666666666667e-08, 1.5916666666666667e-08],[-1.4692307692307694e-08, 1.4692307692307694e-08],[-2.3875000000000004e-07, 2.3875000000000004e-07]}
iterations=5
