S=8.3637733062744146e-05
a={0,0.67717085138726829,-0.56933824229706242,-0.091394362719209102,0.075027600909871484,-0.010568368534849642,-0.0058711605709262172,0.0017002971083057146,0.00011748535497981403,-0.00014872419336461017,1.5358899716967542e-05,7.1497703758942732e-06,-2.1666467515195446e-06,-1.1044975625950807e-07,0}
E={
{-0.44677707445155512,0.37334110484838356,0.55727987745409735,-0.5765906475647874,-0.0027600301362889421,0.13149659858119195,-0.024405359393400494,-0.0086381279037070265,0.0042455264540612048,1.82578099183305e-05,-0.00035288791588194263,6.2437554340958999e-05,1.6196381843444517e-05,-7.2711067224522395e-06,0.0012895360963151444},
{0.64122467883070655,0.76735318547488773,1.536817674738846e-16,-1.613415192622061e-16,-1.0442762576310471e-18,4.1424612837812474e-17,-7.9671435085379904e-18,-2.6765406501158351e-18,1.1078969204025234e-18,5.4833081278119187e-21,-1.1926303752577061e-19,1.9980346724769537e-20,4.6797791674048387e-21,-2.3991794301455936e-21,4.2745437393226518e-19},
{0.53059232719265803,-0.44337979047235426,0.72241687668891752,-1.3650881708022911e-16,-3.2964134742031629e-19,1.0539697036874381e-17,-6.2942359012899791e-18,-4.7642812845522267e-19,5.5757080917321999e-19,4.0064120751974078e-21,-6.8979235694200749e-20,1.5175434028993409e-20,2.9939357691780516e-21,-1.2188305118084431e-21,3.7454481675566846e-19},
{-0.32254670319566325,0.26953026335134822,0.40232321107960706,0.81329766704568596,3.2526191331752568e-19,-2.0999271965539518e-17,9.3507996827168879e-19,1.7588481044464888e-18,-4.4557352598040976e-19,-5.1160965081734489e-23,5.5198953839022983e-20,-1.8690259483061308e-21,-3.0100001794565477e-21,6.5564951985808446e-22,-1.6624394845034497e-19},
{-0.0012557022708133299,0.0010493046755399402,0.0015662791302725235,-0.0016205535755513336,0.99999612136612814,-2.1874116411660128e-19,7.0247364659139404e-22,1.380166907748141e-20,-4.357901406769157e-21,-7.1454358819454701e-24,4.3372153763863895e-22,-2.8275397971712288e-23,-1.7011991992453497e-23,8.4820777243705904e-24,-1.7313591249587643e-21},
{0.059305563934221907,-0.049557611679244003,-0.073973798772418803,0.076537126608397066,0.00036636871734968969,0.99131059932332199,-8.6762018753293184e-19,-3.2545571371986014e-19,2.1694422358256394e-19,6.3572945777535016e-22,-3.3969213825622974e-21,-8.4547774150990485e-22,1.0591946061474137e-21,-4.2369758359444802e-22,4.0689735260235771e-20},
{-0.010908034171179651,0.0091150995923218806,0.013605953156039212,-0.014077424393675517,-6.7385962176064862e-05,0.0032104811834365219,0.99970211672317733,2.7106065641130361e-20,-2.7106292684635792e-20,2.6463403490105138e-23,8.4715623773179832e-22,-2.1823498364455068e-26,2.6464118561640656e-23,3.9707210835481373e-23,-1.0164854543440967e-20},
{-0.0038595379927440555,0.0032251524547990663,0.0048141298706208787,-0.0049809483023921276,-2.3842855377488238e-05,0.0011359493294586119,-0.00021082865973154534,0.99996268993779902,0,5.2939559212216938e-23,4.2351649965628596e-22,1.5881866864854039e-22,1.3234887558229412e-23,6.6174459066067606e-24,-2.5411011330448373e-21},
{0.0018968243824516193,-0.0015850466622915936,-0.0023659720246438053,0.0024479572957878983,1.1717907561037588e-05,-0.00055827831968424701,0.00010361471840676625,3.6673796762290767e-05,0.9999909876958033,-6.6174449015286219e-24,-3.1763737495546306e-22,6.9911136610635137e-30,1.9852336517383977e-23,-3.3087232667808284e-24,3.3881347509233518e-21},
{8.157185517359736e-06,-6.8164031407447169e-06,-1.0174728305083352e-05,1.0527301306885991e-05,5.0392195890646169e-08,-2.4008442036675593e-06,4.4558921120602933e-07,1.5771357990943735e-07,-7.7514153892403567e-08,0.99999999983332577,1.6543613281150955e-24,-4.135903435340659e-25,-1.292469806021611e-25,6.4623489805306992e-26,3.3087244118153934e-24},
{-0.00015766250332572456,0.00013174779224525869,0.00019665767461394902,-0.000203472223817344,-9.7398296695489894e-07,4.6403640868499093e-05,-8.6123713067661767e-06,-3.0482962247292254e-06,1.4981975731511184e-06,6.4429716330070072e-09,0.99999993773495355,1.6543612283304834e-24,1.6729635600902796e-33,2.0679515239271138e-25,-1.5881880952913619e-22},
{2.7895714315407771e-05,-2.3310544337651511e-05,-3.4795250571592617e-05,3.6000969837469456e-05,1.7232981857528324e-07,-8.2103396911573957e-06,1.5238134907411743e-06,5.3934447849089874e-07,-2.6508073008531092e-07,-1.1399748971721063e-09,2.2033495113612263e-08,0.99999999805077255,1.0339757658269366e-25,5.1698788273761437e-26,5.2939603221807607e-23},
{7.2361841311208923e-06,-6.0467851483099101e-06,-9.0259326998292397e-06,9.3386978263886886e-06,4.4702576331040206e-08,-2.1297726637331561e-06,3.9527917714581869e-07,1.3990665061793617e-07,-6.8762281934103187e-08,-2.9571095285546134e-10,5.7155169389653308e-09,-1.0112641532976343e-09,0.99999999986883836,-6.4623485357415631e-26,1.1580538205010685e-23},
{-3.2485691916246934e-06,2.714607531432529e-06,4.0520482015154655e-06,-4.1924591053765073e-06,-2.0068507050659281e-08,9.5612739189602066e-07,-1.7745426784320358e-07,-6.2808854316760626e-08,3.0869727274661987e-08,1.3275470519618054e-10,-2.5658899643361833e-09,4.5399087605697089e-10,1.1776581673755638e-10,0.99999999997356537,-3.3087252012582154e-24},
{0.00057613564354050254,-0.00048143723123212501,-0.00071863311523609258,0.00074353507104625268,3.5591614469341662e-06,-0.00016956975140222183,3.1471618048474159e-05,1.1139186998116791e-05,-5.4747641623764755e-06,-2.3544124505157667e-08,4.550620838454754e-07,-8.0515547033119057e-08,-2.0885836382395737e-08,9.3763623747572854e-09,0.99999916854798243}
}
B={
{1,0,0,0,0,0,0,0,0,0,0,0,0,0,0},
{0,-0.75998795376379735,0.52805632414982118,0.37891269266058575,3.5900167935335549e-17,1.4209794119678064e-16,1.1485291256754027e-17,-5.8358647521561301e-19,-5.2115749458600939e-18,1.7691744214966556e-18,3.2370212594058093e-19,1.3312535602396944e-19,-3.8671662856397948e-21,7.8305544624032219e-21,0},
{0,0.61296441698338666,0.73732475319971125,0.2018844329990073,0.19330800692231159,0.044150089886423549,-0.022273021360665751,-0.0072969163481932438,0.0014184862086437167,-0.00095866938129641468,0.00016099932979459633,-4.5019583776714527e-05,-9.8019231225633908e-10,4.8560229268615122e-07,0},
{0,0.12976831234340269,-0.40291280870345675,0.8217803650008505,0.28978516003642779,0.026872858380450459,0.24621708821190016,0.010541138357004522,-0.0075633595633213284,0.0030534305182392152,-0.0006144388785544419,-0.00014191808078354976,1.4397677196563938e-05,6.6362366098575584e-06,0},
{0,-0.16926570785448344,0.0093452394455782965,-0.35252108026978168,0.83785191931478809,0.27364083025724495,0.26405362536592786,0.015437426599048875,-0.012259325828756384,0.0015480854526898321,-0.00043282070005240005,-0.00016037299893120846,-4.6002824586590911e-06,2.1558305687660749e-06,0},
{0,0.028840086726017958,0.12130880781833744,-0.11121233324326389,-0.31516828722391621,-0.065263695783018605,0.93064644567965304,0.0084453492048751962,-0.047708706220044431,0.0062786865669273136,-0.0020294861397368294,-0.0002184395887462016,1.8851584341971189e-05,4.6457994135873401e-07,0},
{0,0.018216231017084295,-0.017224469039839853,0.060540611034957031,-0.27678273158435923,0.95614521337160496,-0.017357215233604582,-0.035184782595441708,0.0090818542763145584,0.056952913908463458,0.004199789532164269,-0.00094288929816885563,0.00029408452867825949,-3.6984349469839071e-05,0},
{0,-0.0061646232889048993,-0.0075441210262966341,-0.0018508712813168368,0.021384070081742052,-0.030668009731517249,0.021765409864202688,-0.99040217171872857,0.1299343419492783,-0.0065722570048636448,0.013439356697367367,-0.0051678527354864492,-0.00045250947606696745,-4.7876633920978577e-05,0},
{0,-0.00045012079393966638,0.0036242822151534839,-0.0059536446496634343,0.0071707414857043131,-0.036812824802471528,0.034114308238566565,0.1021667405997668,0.7846367313096998,0.60219955325178531,0.092247955235638016,0.011005206245235044,0.0033340735116800355,-0.0013287804391634555,0},
{0,0.00066658093304056587,9.4019021548633966e-05,0.0012059404428809706,-0.014402339814958441,0.040495191199084159,0.032845622093455568,0.08285485521035614,0.58249143295314987,-0.79383989510271313,0.14276880367798775,-0.016265877909700178,0.0090242422965837212,-0.00021715329962976196,0},
{0,-7.8062018272393268e-05,-0.00030327559121548443,0.00026607818191620974,0.0021079147914142638,-0.005794548573430776,-0.005865457551940052,-0.0084304265337949713,-0.15820738837389944,0.055504605895209697,0.97733254741289199,0.12846565310758148,-0.007880751792056901,-0.0012481303836096556,0},
{0,-3.8105726983084038e-05,4.9765422757252974e-05,-0.0001457825001840027,0.0006434980868241741,-0.0026546854529036898,-0.0013392921923592374,0.0036913944122572489,-0.022825454546626437,0.027306939268068823,0.12522644005561703,-0.98639131405820957,0.10030403866973152,0.00019250584488559081,0},
{0,1.2730244487388659e-05,1.5031665341301192e-05,4.5848728389306485e-06,-0.00015547112544859006,0.00031692309099900172,0.00032742755148388859,0.0019701596131728658,0.0067803396084953685,-0.0028659569810551904,0.0064462339372166957,-0.1005509599703613,-0.99455401731722948,-0.02553344243049209,0},
{0,6.4736910982631675e-07,-6.0750362662265393e-06,9.7646611385528281e-06,7.954050704145315e-06,5.6187602225600813e-06,-5.1552530409228268e-05,-0.00014404662910743151,-0.0011561896025473932,-0.00062061758290682801,-0.0015152073877086813,0.0022070970855068354,0.025425486943427611,-0.99967226224774763,0},
{0,0,0,0,0,0,0,0,0,0,0,0,0,0,1}
}
r={[0, 0],[-2.2920000000000002e-06, 2.2920000000000002e-06],[-9.5500000000000002e-08, 9.5500000000000002e-08],[-6.3666666666666668e-08, 6.3666666666666668e-08],[-4.7750000000000001e-08, 4.7750000000000001e-08],[-3.8200000000000005e-08, 3.8200000000000005e-08],[-3.1833333333333334e-08, 3.1833333333333334e-08],[-2.7285714285714287e-08, 2.7285714285714287e-08],[-2.3875e-08, 2.3875e-08],[-2.1222222222222225e-08, 2.1222222222222225e-08],[-1.9100000000000002e-08, 1.9100000000000002e-08],[-1.7363636363636365e-08, 1.7363636363636365e-08],[-1.5916666666666667e-08, 1.5916666666666667e-08],[-1.4692307692307694e-08, 1.4692307692307694e-08],[-2.3875000000000004e-07, 2.3875000000000004e-07]}
iterations=4
