S=8.3637733062744146e-05
a={0,0.67716709233793171,-0.56933346997856615,-0.091393383792389871,0.075026543849861196,-0.010568187181483378,-0.0058710467879564193,0.0017002585919887818,0.00011748251177395809,-0.00014871984842926102,1.5358239199419089e-05,7.1486723650844529e-06,-2.1657702232262427e-06,-1.1044241505196249e-07,1.4881405235752472e-07}
E={
{-0.44677466264989568,0.37334421123238692,0.5572801710280112,-0.57659181645408653,-0.0027583050237402111,0.13149597818436029,-0.024405333565194972,-0.0086379930465107571,0.0042454801825449317,1.8252435243228981e-05,-0.00035288250444656319,6.2437827858378853e-05,1.6198071915125222e-05,-7.2718512460296988e-06,8.4903781464287707e-08},
{0.64122985863184223,0.76734885703895306,0,1.0238166995949435e-16,1.1160162885841077e-19,-1.4904407605305043e-17,2.3571905948473852e-18,1.1779451728595296e-18,-4.7607744616917753e-19,-1.5380529297392219e-21,2.1547832424203359e-20,-8.8947977364229348e-21,-1.8361251710888411e-21,1.2910692226324794e-21,-1.0147507505413648e-23},
{0.53058941298202833,-0.4433834378680086,0.72241677849821029,1.0238166995949475e-16,7.0791513371253001e-19,-3.5903777554078941e-17,3.2922886200604413e-18,9.8516259195837909e-19,-1.030003616654873e-18,-3.2829789738522154e-21,7.6741246477947941e-20,-1.2456912841245468e-20,-2.7282941275867114e-21,1.3113322729255777e-21,-1.8655898447612961e-23},
{-0.32254519172500334,0.26953269793129458,0.4023237095466799,0.81329721306393088,-5.4210318623102197e-19,6.9999167914774096e-18,-2.6253767079095469e-18,-1.7433063040916016e-18,6.5477734274947632e-19,1.712388930955008e-21,-9.5221943473813737e-20,6.8389450225059423e-21,2.1338436445355608e-21,-1.4896078836923978e-21,1.6628847327396045e-23},
{-0.00125490829524748,0.0010486555904475913,0.0015652980526068983,-0.0016195409317718045,0.99999612622039691,-1.093705713663511e-19,1.3907799589169353e-20,3.5154317493177217e-21,-6.2628681831524135e-23,-6.886702066876434e-24,5.2056694003002754e-24,-2.7390853058207283e-23,-6.8563964381236987e-24,1.0727326391647319e-25,-2.710188205057571e-26},
{0.059304859268797472,-0.049557702701030888,-0.073973358113206114,0.076536785518532796,0.00036613735050037199,0.99131069623276546,1.3014302798323137e-18,3.2554717130240329e-19,-5.4357382707785112e-20,-2.1239350723529184e-22,3.4004139682056223e-21,-1.6962391020696152e-21,-2.1232202688745889e-22,2.1201134087836672e-22,-3.3116776114165514e-24},
{-0.010907945560665143,0.0091151505937202126,0.013605923244522035,-0.014077414568011813,-6.7343660135545127e-05,0.0032104572872911738,0.99970211785005325,-2.710606560786878e-20,2.0329968003993305e-20,-5.2933710173267522e-23,2.5409859182311819e-21,-2.1173828491573055e-22,-2.6464603646939826e-23,-2.6472103258437335e-23,2.0682228341062318e-25},
{-0.0038594504795946114,0.003225123570232176,0.0048140492358852592,-0.0049808723470244716,-2.3827541122412552e-05,0.0011359243450788164,-0.00021082479425801472,0.99996269116482839,6.7763246469009639e-21,-3.9704144309307589e-23,1.0587810982566387e-21,-3.1763558295471108e-22,-1.3234430189267933e-23,6.6172385665079409e-24,5.1701197370499001e-26},
{0.0018967903152157359,-0.0015850399391658849,-0.0023659435497039982,0.0024479315071181461,1.171043636272905e-05,-0.00055826867269186781,0.00010361330714572509,3.6672763527688608e-05,0.99999098790723762,-1.3234889803054234e-23,2.1175825008347314e-22,2.646977497249556e-23,1.3234888615030807e-23,-3.3087219187261638e-24,-1.0339758277356397e-25},
{8.1547266495290259e-06,-6.8144419173786151e-06,-1.0171721545224195e-05,1.0524206148241353e-05,5.0345790316785199e-08,-2.4001221359461545e-06,4.4545682791035316e-07,1.5766442903685138e-07,-7.7490362097315752e-08,0.99999999983342414,2.0679516601396376e-24,-4.5563618650866883e-32,-1.1820442053450693e-32,6.4623490664002677e-26,-1.009742020680809e-27},
{-0.00015765897235982439,0.0001317466490384044,0.00019665443550372728,-0.00020346917775968689,-9.7335764951066481e-07,4.6402633191045332e-05,-8.6122158028521489e-06,-3.0481968222790245e-06,1.4981557789872798e-06,6.4409654890540035e-09,0.99999993773696672,0,-4.135903063308687e-25,-4.1359030623870994e-25,1.6155871338612612e-26},
{2.7895639541189321e-05,-2.3310801645637457e-05,-3.4795363466329206e-05,3.6001140661835041e-05,1.7222257464319202e-07,-8.2103232685365574e-06,1.5238160194206502e-06,5.3933752410124556e-07,-2.6507856141417133e-07,-1.1396424122936657e-09,2.2033217116762482e-08,0.99999999805075868,0,-1.5509636485779516e-25,-1.2116903503235979e-27},
{7.2368881167909575e-06,-6.0474563837510954e-06,-9.0268642888466357e-06,9.3396757103151868e-06,4.4679223146619492e-08,-2.1299813115720835e-06,3.9531934827441632e-07,1.3991883259548854e-07,-6.8768593323760402e-08,-2.9565425875041197e-10,5.7160161856671081e-09,-1.0113724260603994e-09,0.99999999986881116,2.5849394142963902e-26,-5.0487097935742693e-28},
{-3.2488788873710666e-06,2.7149035677200097e-06,4.0524585061848639e-06,-4.192889919043067e-06,-2.005798382434571e-08,9.5621919283312382e-07,-1.7747195530052714e-07,-6.2814200500126402e-08,3.0872500356250253e-08,1.3272899397006138e-10,-2.5661090797296881e-09,4.5403859632334848e-10,1.1778996944239725e-10,0.99999999997355993,3.0292258760486853e-28},
{3.7932858321407738e-08,-3.1698335321431548e-08,-4.7315193855343296e-08,4.8954825578314621e-08,2.3419052694748664e-10,-1.1164505795197706e-08,2.0721051075823667e-09,7.3339827391098864e-10,-3.6045732162976038e-10,-1.5497007730821815e-12,2.9961059040101635e-11,-5.301207691592632e-12,-1.3752775580246128e-12,6.1740766903371594e-13,0.99999999999999634}
}
B={
{1,0,0,0,0,0,0,0,0,0,0,0,0,0,0},
{0,-0.75998795376379735,0.52805632414982118,0.37891269266058575,3.5900167935335549e-17,1.4209794119678064e-16,1.1485291256754027e-17,-5.8358647521561301e-19,-5.2115749458600939e-18,1.7691744214966556e-18,3.2370212594058093e-19,1.3312535602396944e-19,-3.8671662856397948e-21,7.8305544624032219e-21,0},
{0,0.61296441698338666,0.73732475319971125,0.2018844329990073,0.19330800692231159,0.044150089886423549,-0.022273021360665751,-0.0072969163481932438,0.0014184862086437167,-0.00095866938129641468,0.00016099932979459633,-4.5019583776714527e-05,-9.8019231225633908e-10,4.8560229268615122e-07,0},
{0,0.12976831234340269,-0.40291280870345675,0.8217803650008505,0.28978516003642779,0.026872858380450459,0.24621708821190016,0.010541138357004522,-0.0075633595633213284,0.0030534305182392152,-0.0006144388785544419,-0.00014191808078354976,1.4397677196563938e-05,6.6362366098575584e-06,0},
{0,-0.16926570785448344,0.0093452394455782965,-0.35252108026978168,0.83785191931478809,0.27364083025724495,0.26405362536592786,0.015437426599048875,-0.012259325828756384,0.0015480854526898321,-0.00043282070005240005,-0.00016037299893120846,-4.6002824586590911e-06,2.1558305687660749e-06,0},
{0,0.028840086726017958,0.12130880781833744,-0.11121233324326389,-0.31516828722391621,-0.065263695783018605,0.93064644567965304,0.0084453492048751962,-0.047708706220044431,0.0062786865669273136,-0.0020294861397368294,-0.0002184395887462016,1.8851584341971189e-05,4.6457994135873401e-07,0},
{0,0.018216231017084295,-0.017224469039839853,0.060540611034957031,-0.27678273158435923,0.95614521337160496,-0.017357215233604582,-0.035184782595441708,0.0090818542763145584,0.056952913908463458,0.004199789532164269,-0.00094288929816885563,0.00029408452867825949,-3.6984349469839071e-05,0},
{0,-0.0061646232889048993,-0.0075441210262966341,-0.0018508712813168368,0.021384070081742052,-0.030668009731517249,0.021765409864202688,-0.99040217171872857,0.1299343419492783,-0.0065722570048636448,0.013439356697367367,-0.0051678527354864492,-0.00045250947606696745,-4.7876633920978577e-05,0},
{0,-0.00045012079393966638,0.0036242822151534839,-0.0059536446496634343,0.0071707414857043131,-0.036812824802471528,0.034114308238566565,0.1021667405997668,0.7846367313096998,0.60219955325178531,0.092247955235638016,0.011005206245235044,0.0033340735116800355,-0.0013287804391634555,0},
{0,0.00066658093304056587,9.4019021548633966e-05,0.0012059404428809706,-0.014402339814958441,0.040495191199084159,0.032845622093455568,0.08285485521035614,0.58249143295314987,-0.79383989510271313,0.14276880367798775,-0.016265877909700178,0.0090242422965837212,-0.00021715329962976196,0},
{0,-7.8062018272393268e-05,-0.00030327559121548443,0.00026607818191620974,0.0021079147914142638,-0.005794548573430776,-0.005865457551940052,-0.0084304265337949713,-0.15820738837389944,0.055504605895209697,0.97733254741289199,0.12846565310758148,-0.007880751792056901,-0.0012481303836096556,0},
{0,-3.8105726983084038e-05,4.9765422757252974e-05,-0.0001457825001840027,0.0006434980868241741,-0.0026546854529036898,-0.0013392921923592374,0.0036913944122572489,-0.022825454546626437,0.027306939268068823,0.12522644005561703,-0.98639131405820957,0.10030403866973152,0.00019250584488559081,0},
{0,1.2730244487388659e-05,1.5031665341301192e-05,4.5848728389306485e-06,-0.00015547112544859006,0.00031692309099900172,0.00032742755148388859,0.0019701596131728658,0.0067803396084953685,-0.0028659569810551904,0.0064462339372166957,-0.1005509599703613,-0.99455401731722948,-0.02553344243049209,0},
{0,6.4736910982631675e-07,-6.0750362662265393e-06,9.7646611385528281e-06,7.954050704145315e-06,5.6187602225600813e-06,-5.1552530409228268e-05,-0.00014404662910743151,-0.0011561896025473932,-0.00062061758290682801,-0.0015152073877086813,0.0022070970855068354,0.025425486943427611,-0.99967226224774763,0},
{0,0,0,0,0,0,0,0,0,0,0,0,0,0,1}
}
r={[0, 0],[-2.2920000000000002e-06, 2.2920000000000002e-06],[-9.5500000000000002e-08, 9.5500000000000002e-08],[-6.3666666666666668e-08, 6.3666666666666668e-08],[-4.7750000000000001e-08, 4.7750000000000001e-08],[-3.8200000000000005e-08, 3.8200000000000005e-08],[-3.1833333333333334e-08, 3.1833333333333334e-08],[-2.7285714285714287e-08, 2.7285714285714287e-08],[-2.3875e-08, 2.3875e-08],[-2.1222222222222225e-08, 2.1222222222222225e-08],[-1.9100000000000002e-08, 1.9100000000000002e-08],[-1.7363636363636365e-08, 1.7363636363636365e-08],[-1.5916666666666667e-08, 1.5916666666666667e-08],[-1.4692307692307694e-08, 1.4692307692307694e-08],[-2.3875000000000004e-07, 2.3875000000000004e-07]}
iterations=2
