S=8.3637733062744146e-05
a={0,0.67957290716021845,-0.58015085122944254,-0.091831052675077393,0.076739614258987426,-0.011151088854829922,-0.0060183198359151733,0.0017815058561142215,0.00011358229616643857,-0.00015584188535924801,1.6889971819049398e-05,7.4262870157717143e-06,-2.3352366979109108e-06,-1.0251576920745183e-07,0}
E={
{-0.45161906118669465,0.36744055488823607,0.55906536776561055,-0.57457642942049636,-0.0048517125905588191,0.13269156410666907,-0.024630981144383467,-0.0087974757650247336,0.0043442774699729162,1.4987915745265234e-05,-0.00036383797016702451,6.5346357863576819e-05,1.6692012406867531e-05,-7.6395017064965895e-06,0.0013499804029823434},
{0.63110985075129722,0.77569346799149697,0,3.4069500303479001e-17,-1.2009424217011328e-19,4.3549616596083887e-18,9.0205934994797051e-19,3.8418710425723161e-19,2.4262219504103379e-19,1.3842137269726016e-22,1.3697067730851307e-20,3.8392010550349371e-21,-3.1750989101266818e-22,-2.782004209613386e-22,1.4262021865355426e-21},
{0.53726272131763153,-0.43712086005179951,0.72130029945227958,-1.0220850091043779e-16,-1.1576185133505419e-18,7.9386411807016608e-18,-4.076491797972219e-18,-1.1774439626452649e-18,4.770543487368091e-19,1.7447875032255551e-21,-6.2450954294206016e-20,8.9963513351891065e-21,3.1174101114470549e-21,-8.811117334142044e-22,1.8928221737711104e-19},
{-0.32446847740160212,0.26398991456850901,0.40166393369274972,0.81467516014007924,-2.1684303426584289e-19,-1.4001544953051287e-17,2.6486429005877107e-18,1.7517016675252117e-18,-6.5894458587766867e-19,-1.2996312309318123e-21,9.5573669568327397e-20,-1.3679324280357223e-20,-8.7942189335154937e-22,6.5009829217314937e-22,-1.6524995706783831e-19},
{-0.002232024916206039,0.0018159917156288488,0.0027630539494100052,-0.002839713858315402,0.99998801082659861,-1.0938818091074102e-19,2.0692728884639006e-20,1.3219128444086747e-22,-3.4534410787105663e-21,1.9626904967469129e-23,-2.0628584910652515e-22,2.5486925423922408e-23,1.298383046713426e-23,1.1490335302019465e-25,1.2502459461136869e-21},
{0.060503702497049436,-0.049226252673862048,-0.074898354818799168,0.076976381944834596,0.0006499871250097895,0.99115111290695479,-8.6762499141599623e-19,-5.4231009053907788e-19,-1.0830767243393734e-19,-2.1137348285546574e-22,-6.7856040904298526e-21,8.4871061281529025e-22,4.2854178047283059e-25,-1.0607525088230771e-22,1.3587198179919857e-20},
{-0.011128289886775812,0.0090540576392184342,0.013775861146792396,-0.014158067314294847,-0.00011955045478636068,0.0032696365539325329,0.99969658155289487,5.4212206601159208e-20,-1.3554727006745915e-20,-1.0588714920051883e-22,1.949511901146648e-25,-2.117932510665547e-22,-8.9441234563974223e-27,7.9413432301051662e-23,-6.7769931169862778e-21},
{-0.00397334428274274,0.00323274182488382,0.0049186568362593304,-0.005055123149226206,-4.2685365034313122e-05,0.0011674203170832826,-0.00021670336024174792,0.99996130065507749,-6.7763275224183711e-21,-7.940978003283628e-23,1.0588019653544669e-21,-1.9489370673916993e-27,-1.3235387637356625e-23,1.9852562549570293e-23,-8.4707398238765366e-22},
{0.0019619808714044788,-0.0015962819155034497,-0.0024287627597883894,0.0024961478833969808,2.1077425897871107e-05,-0.00057645554173455199,0.00010700503588626765,3.8219111306481611e-05,0.99999056356361671,3.308722450583755e-23,-2.1175825101008619e-22,2.6469784725284428e-23,1.3234891125892758e-23,-1.6543612858826116e-23,8.4703382657536468e-22},
{6.7688417018692242e-06,-5.507178869621047e-06,-8.3792410476633078e-06,8.6117199884192052e-06,7.2717202020139247e-08,-1.9887738800293497e-06,3.6916779351599538e-07,1.3185608391508182e-07,-6.5111792283469576e-08,0.99999999988768085,-1.2407710009550312e-24,2.9499994639252979e-32,-2.5849386610437244e-26,-3.4454856142234528e-33,3.3087260740546834e-24},
{-0.00016431647360195989,0.00013368907875352786,0.00020340959370236249,-0.00020905311757457519,-1.7652406028125851e-06,4.8278320745463298e-05,-8.9617031494787934e-06,-3.2008617849501812e-06,1.5806160890080349e-06,5.4531831659939488e-09,0.99999993381084251,0,0,0,-1.5881882232969716e-22},
{2.9511714646811471e-05,-2.4010945811352667e-05,-3.6532952260827858e-05,3.7546545496297732e-05,3.1704232577048881e-07,-8.6709262573314941e-06,1.6095478456865772e-06,5.7488404875435848e-07,-2.8388322827546314e-07,-9.7940749325872726e-10,2.377552959131096e-08,0.99999999786492266,-5.1698788291765308e-25,1.5509636492414007e-25,-1.9852352804460437e-23},
{7.5384447124129439e-06,-6.133333479868868e-06,-9.331943063810677e-06,9.5908543693010515e-06,8.0984994363039008e-08,-2.2148932713187982e-06,4.1114139222007412e-07,1.4684784227035984e-07,-7.2514865596502953e-08,-2.5017893156037174e-10,6.0731989814017858e-09,-1.0907642042780935e-09,0.99999999986068799,0,-3.3087254652020242e-24},
{-3.4501508764402408e-06,2.8070678619192992e-06,4.2709886148639243e-06,-4.3894856128039647e-06,-3.7064734164603551e-08,1.0136992778734785e-06,-1.8816876541831251e-07,-6.7208453605580664e-08,3.3188175630015303e-08,1.1450041658707297e-10,-2.7795458596356089e-09,4.9921452221875219e-10,1.2751888966727713e-10,0.9999999999708189,8.2718136630069412e-25},
{0.00060967743776801074,-0.00049603800036178761,-0.00075472797819590781,0.00077566762654016378,6.549722886421528e-06,-0.00017913117441369664,3.3251372150592295e-05,1.1876430700583701e-05,-5.8646947936315647e-06,-2.023341097482744e-08,4.9117457715640077e-07,-8.8216382906981582e-08,-2.2533910169048155e-08,1.0313186989943652e-08,0.9999990887760406}
}
B={
{1,0,0,0,0,0,0,0,0,0,0,0,0,0,0},
{0,0.7215635596309774,-0.5810615529843508,-0.37644853706195658,-7.4956229309102914e-17,1.4308572482424045e-18,-4.8086608044385709e-17,8.7283934600955156e-18,-1.2846193255075082e-18,1.9030976599398271e-18,1.242134494529947e-18,1.2748156290150641e-19,5.3773067243646584e-19,-1.9148322785563737e-19,0},
{0,-0.66204861999689257,-0.69451566745429671,-0.19698258670234337,0.18666464285634038,-0.01899404020445148,0.068997850956644874,-0.011593696967513847,-0.020920287772052286,-0.00048314802047670142,-8.0303668137317103e-06,3.329148094840275e-05,-1.4472110226508705e-05,2.5915665504570462e-07,0},
{0,-0.10190265887462403,0.40599374447457875,-0.82198911796763863,0.3232570987884531,-0.1294010579569731,-0.16173664583093159,-0.0087672458044151004,-0.040479980362969521,0.0012051472809976246,0.0017521891730090525,0.00049096285626821937,-0.00017938559104973994,1.6306753306307039e-06,0},
{0,0.16986567877189906,-0.020369593422577308,0.35703385241060387,0.9088188584262431,-0.11372586387124449,-0.057271499755165593,-0.016307350332431834,-0.028624450800523244,-0.0021718873122714539,-0.0014137971035237656,-0.0004752410232076353,0.00011904461069853289,-6.5164945687182068e-06,0},
{0,-0.038147055063417784,-0.11983904183608467,0.11185681645909315,-0.11759316220079823,-0.14729843913629651,-0.96496343483828273,0.069111767353539064,-0.0042009030457721298,0.010379498035468776,0.0090169449874270384,0.0028134789041806244,-0.0010033494237269278,2.6211654427301484e-05,0},
{0,-0.017210745601911291,0.018512353994912242,-0.061563432290039202,0.14204418568635008,0.87284422529484662,-0.15575339078243883,0.080368006909687706,0.42689525373615544,-0.019165641668088415,-0.014099054084950692,-0.0035104735951031469,0.0011458411153919682,3.394249418062663e-06,0},
{0,0.0068717273231390071,0.0071806730601110197,0.0020878683563253378,0.015488267490623773,0.42999299297985266,-0.079900057462509666,-0.21154813514440174,-0.87381863759854272,-0.007828772452338555,-0.0019391431152641974,-0.0014588390051409931,0.00041465776169291032,-5.8953370710549961e-05,0},
{0,0.00017738488155597966,-0.0037222081863159634,0.0060853644264661985,-0.021507401107852292,-0.034868983019225065,-0.062404959098794795,-0.92958513372512741,0.2158534990756858,-0.26340431882193915,-0.11813860489703835,-0.017377282160550497,0.0035881548004192245,0.001274756478688793,0},
{0,-0.00069369648072236246,-4.5120972337952072e-05,-0.0012600076583551428,-0.001210851360682393,-0.017002475573336027,0.0069577703717200986,0.2504676617997329,-0.062177097914489318,-0.60660970047044138,-0.68399218965664454,-0.29508192352091317,0.10077843864714579,-0.0029406821019132825,0},
{0,0.00010537568458488697,0.00030503435919195649,-0.00026885078419466819,0.0008993092846492839,-0.0028082331029299257,0.0077186026952293834,0.12799901522386931,-0.028273436949459239,-0.74063634810804335,0.53035654082929207,0.38528585096817586,-0.066950130083806597,-0.00080576819692146947,0},
{0,3.5442439913983547e-05,-5.4632140875357191e-05,0.00015226147556206957,-8.5288973931181878e-05,0.00059823500436020959,-0.000535037301834698,-0.015874989710730949,0.0054139462533760244,-0.090643228484939359,0.45685133971080766,-0.7044178644144844,0.53530779109656845,-0.0054492805331361246,0},
{0,-1.4543361080776332e-05,-1.4485341973370804e-05,-5.5175777919027744e-06,-3.7883033447246366e-05,-8.6065307886828229e-06,-0.00054877091876014865,-0.005844287850886456,0.00071367546973166013,0.073030508020337725,-0.16670336595242446,0.51652808134401751,0.83340837727238881,-0.073964737612181225,0},
{0,-1.5604596815919903e-07,6.3934167760775598e-06,-1.0167567112645996e-05,3.0257402103403852e-05,2.0590652812011003e-05,8.394171938174554e-05,0.0014953812416946997,-0.00045271443063013008,0.0028701264444651571,-0.011305633692855515,0.033924617756375737,0.064977064038094196,0.99724049097230194,0},
{0,0,0,0,0,0,0,0,0,0,0,0,0,0,1}
}
r={[0, 0],[-1.7190000000000002e-06, 1.7190000000000002e-06],[-9.5500000000000002e-08, 9.5500000000000002e-08],[-6.3666666666666668e-08, 6.3666666666666668e-08],[-4.7750000000000001e-08, 4.7750000000000001e-08],[-3.8200000000000005e-08, 3.8200000000000005e-08],[-3.1833333333333334e-08, 3.1833333333333334e-08],[-2.7285714285714287e-08, 2.7285714285714287e-08],[-2.3875e-08, 2.3875e-08],[-2.1222222222222225e-08, 2.1222222222222225e-08],[-1.9100000000000002e-08, 1.9100000000000002e-08],[-1.7363636363636365e-08, 1.7363636363636365e-08],[-1.5916666666666667e-08, 1.5916666666666667e-08],[-1.4692307692307694e-08, 1.4692307692307694e-08],[-2.3875000000000004e-07, 2.3875000000000004e-07]}
iterations=5
