S=8.3637733062744146e-05
a={0,0.67715741652276507,-0.56932118744299098,-0.091390864011623746,0.075023823185575184,-0.010567720468399811,-0.0058707539442856976,0.0017001595308219247,0.00011747530870937967,-0.00014870931749798465,1.5357157713333176e-05,7.1489199722460439e-06,-2.1663626602267336e-06,-1.1043530763718176e-07,0}
E={
{-0.44676819014011554,0.37335160873443229,0.55727929005421251,-0.57659202948771415,-0.0027538487497299553,0.13149360728045786,-0.024405122065524625,-0.0086375942743846974,0.0042453345511462969,1.8238066999533289e-05,-0.00035286115933534456,6.2433722065450553e-05,1.6194582581280405e-05,-7.2704025725924541e-06,0.0012894043717086151},
{0.64124280976499715,0.76733803432691372,3.0736340071964754e-16,-1.8617456912498009e-16,-1.2692642915282581e-18,6.1808908526472231e-17,-1.0473848161504339e-17,-3.9973414238395041e-18,1.6523540498307132e-18,6.9295341791478434e-21,-1.4195085201554105e-19,2.4698655702616941e-20,7.1899592644372547e-21,-3.1458524966934739e-21,6.1408557775731128e-19},
{0.53058159789053649,-0.44339211588719268,0.72241719217430267,-2.0476343178920198e-16,-1.0900331865566929e-18,5.430787535392469e-17,-1.0866435101285666e-17,-1.7344440085821155e-18,2.1590724510427143e-18,6.9475343962321783e-21,-1.3915130287266061e-19,1.6305680782222578e-20,4.997014472956721e-21,-2.1829755357822387e-21,4.3286934859678193e-19},
{-0.3225411099723054,0.26953853239502823,0.40232381074913182,0.81329684816582459,3.25261907671944e-19,-6.9998343849262817e-18,6.0958419551921481e-18,1.3103350982874386e-18,-4.5910683726767322e-21,-2.5608221906215404e-21,6.8144237670097132e-20,-1.8702244604502065e-20,-2.9821291682398786e-21,4.3137915012303338e-22,-1.6402490509440802e-19},
{-0.0012528640208993218,0.0010469832187057736,0.0015627683158961517,-0.0016169266846324068,0.99999613872313142,-1.3671317278582958e-19,2.755216228948833e-20,3.5493586791415509e-21,-9.2634491647445115e-22,-1.0266926414442036e-23,2.183510889688994e-22,-6.7340962112233432e-23,-1.0228747341134125e-23,1.7902016112644711e-24,-1.2946417410759086e-21},
{0.059303010441923806,-0.049557857609207279,-0.073972006706180704,0.076535536549090774,0.00036553972454819711,0.99131099658554367,2.1690504562534494e-19,2.1689425236538334e-19,-3.0427079785376701e-23,4.2338575817616736e-22,1.0166925016802737e-20,1.6936182005994631e-21,-1.1612574544132368e-25,-5.2887425664855802e-23,-9.2458718682634791e-24},
{-0.010907711003593747,0.0091152672474842135,0.013605806273479005,-0.014077320998737932,-6.7234389046905369e-05,0.0032103768770678624,0.99970212252083368,-1.3553032758088013e-20,4.0658444849350087e-20,-2.6464496497369961e-23,8.4693078516525721e-22,1.0589718539959551e-22,5.2944245632018321e-23,-2.1039303120820832e-27,3.7313159874813131e-25},
{-0.0038592227968466336,0.0032250439298630619,0.0048138273669690581,-0.0049806525034407348,-2.3787986943950452e-05,0.0011358533083951003,-0.00021081358412191161,0.9999626945475526,2.0328973928437799e-20,1.3236463811157159e-23,-2.1178870321742485e-22,-2.1175284430049025e-22,1.3236288450812102e-23,-6.6180728118695466e-24,-1.69395594276286e-21},
{0.0018967009241926988,-0.0015850196074016429,-0.0023658625833405497,0.0024478525090797288,1.1691135546292149e-05,-0.00055824038496576488,0.00010360902722774186,3.6669873559908096e-05,0.99999098851052581,1.3234889803048216e-23,3.1763737490991482e-22,5.2939552323947936e-23,6.6174431436059725e-24,3.3087232386171122e-24,-4.2351696552814689e-22},
{8.1482027821664355e-06,-6.8092238528936838e-06,-1.0163715237289778e-05,1.0515942904022188e-05,5.0224967979877632e-08,-2.3981935158447676e-06,4.4510304874448063e-07,1.5753330530468919e-07,-7.7426834685855418e-08,0.99999999983368604,2.4815419921491334e-24,-1.0339763144021734e-25,-7.7548196722209469e-26,5.1698794708258821e-26,-4.9630889405285154e-24},
{-0.00015764741410445449,0.00013174150928306307,0.00019664255636342451,-0.00020345728377275466,-9.7172794261283096e-07,4.6399066935650952e-05,-8.611634555555302e-06,-3.0478767994049316e-06,1.498016261602271e-06,6.4355165927065974e-09,0.99999993774439533,-1.1580528598312631e-23,-1.2407709307010941e-24,8.2718061797751093e-25,-7.9409405782638739e-23},
{2.7893447448677484e-05,-2.3309769379165114e-05,-3.4793078232558185e-05,3.5998846446068269e-05,1.71933313690279e-07,-8.2096489979830189e-06,1.5237051447189552e-06,5.3927805804613311e-07,-2.6505247870784187e-07,-1.1386723017531643e-09,2.2030472226576917e-08,0.99999999805101181,-1.0339757658267015e-25,1.2178121474518899e-35,-6.6174504035523704e-24},
{7.2352363802853951e-06,-6.0462835129472051e-06,-9.0249204897853688e-06,9.337682763456692e-06,4.4597505148253322e-08,-2.1294876228143162e-06,3.9523142186647526e-07,1.398824663693565e-07,-6.875153529015369e-08,-2.953583732533004e-10,5.7144486862685634e-09,-1.0110897490327264e-09,0.99999999986886745,2.584939414296684e-26,1.6543626001064359e-24},
{-3.2481899993555873e-06,2.714421009593746e-06,4.0516515202981996e-06,-4.1920631442063086e-06,-2.0021622322317501e-08,9.5601305010910012e-07,-1.7743535725188497e-07,-6.2798892042310233e-08,3.0865342558581491e-08,1.3259830968915243e-10,-2.5654469458862454e-09,4.5391904820247312e-10,1.1774133061656834e-10,0.99999999997357047,2.4815439005222703e-24},
{0.00057606533637984949,-0.00048140159666718176,-0.00071855895018381303,0.00074346090153958749,3.5508275686657294e-06,-0.00016954857302186262,3.1468097242237772e-05,1.1137361076726534e-05,-5.4739574800168775e-06,-2.3516262869362702e-08,4.549810996708361e-07,-8.0502381093426034e-08,-2.0881382936620313e-08,9.3744966540341239e-09,0.99999916871783756}
}
B={
{1,0,0,0,0,0,0,0,0,0,0,0,0,0,0},
{0,-0.75998795376379735,0.52805632414982118,0.37891269266058575,3.5900167935335549e-17,1.4209794119678064e-16,1.1485291256754027e-17,-5.8358647521561301e-19,-5.2115749458600939e-18,1.7691744214966556e-18,3.2370212594058093e-19,1.3312535602396944e-19,-3.8671662856397948e-21,7.8305544624032219e-21,0},
{0,0.61296441698338666,0.73732475319971125,0.2018844329990073,0.19330800692231159,0.044150089886423549,-0.022273021360665751,-0.0072969163481932438,0.0014184862086437167,-0.00095866938129641468,0.00016099932979459633,-4.5019583776714527e-05,-9.8019231225633908e-10,4.8560229268615122e-07,0},
{0,0.12976831234340269,-0.40291280870345675,0.8217803650008505,0.28978516003642779,0.026872858380450459,0.24621708821190016,0.010541138357004522,-0.0075633595633213284,0.0030534305182392152,-0.0006144388785544419,-0.00014191808078354976,1.4397677196563938e-05,6.6362366098575584e-06,0},
{0,-0.16926570785448344,0.0093452394455782965,-0.35252108026978168,0.83785191931478809,0.27364083025724495,0.26405362536592786,0.015437426599048875,-0.012259325828756384,0.0015480854526898321,-0.00043282070005240005,-0.00016037299893120846,-4.6002824586590911e-06,2.1558305687660749e-06,0},
{0,0.028840086726017958,0.12130880781833744,-0.11121233324326389,-0.31516828722391621,-0.065263695783018605,0.93064644567965304,0.0084453492048751962,-0.047708706220044431,0.0062786865669273136,-0.0020294861397368294,-0.0002184395887462016,1.8851584341971189e-05,4.6457994135873401e-07,0},
{0,0.018216231017084295,-0.017224469039839853,0.060540611034957031,-0.27678273158435923,0.95614521337160496,-0.017357215233604582,-0.035184782595441708,0.0090818542763145584,0.056952913908463458,0.004199789532164269,-0.00094288929816885563,0.00029408452867825949,-3.6984349469839071e-05,0},
{0,-0.0061646232889048993,-0.0075441210262966341,-0.0018508712813168368,0.021384070081742052,-0.030668009731517249,0.021765409864202688,-0.99040217171872857,0.1299343419492783,-0.0065722570048636448,0.013439356697367367,-0.0051678527354864492,-0.00045250947606696745,-4.7876633920978577e-05,0},
{0,-0.00045012079393966638,0.0036242822151534839,-0.0059536446496634343,0.0071707414857043131,-0.036812824802471528,0.034114308238566565,0.1021667405997668,0.7846367313096998,0.60219955325178531,0.092247955235638016,0.011005206245235044,0.0033340735116800355,-0.0013287804391634555,0},
{0,0.00066658093304056587,9.4019021548633966e-05,0.0012059404428809706,-0.014402339814958441,0.040495191199084159,0.032845622093455568,0.08285485521035614,0.58249143295314987,-0.79383989510271313,0.14276880367798775,-0.016265877909700178,0.0090242422965837212,-0.00021715329962976196,0},
{0,-7.8062018272393268e-05,-0.00030327559121548443,0.00026607818191620974,0.0021079147914142638,-0.005794548573430776,-0.005865457551940052,-0.0084304265337949713,-0.15820738837389944,0.055504605895209697,0.97733254741289199,0.12846565310758148,-0.007880751792056901,-0.0012481303836096556,0},
{0,-3.8105726983084038e-05,4.9765422757252974e-05,-0.0001457825001840027,0.0006434980868241741,-0.0026546854529036898,-0.0013392921923592374,0.0036913944122572489,-0.022825454546626437,0.027306939268068823,0.12522644005561703,-0.98639131405820957,0.10030403866973152,0.00019250584488559081,0},
{0,1.2730244487388659e-05,1.5031665341301192e-05,4.5848728389306485e-06,-0.00015547112544859006,0.00031692309099900172,0.00032742755148388859,0.0019701596131728658,0.0067803396084953685,-0.0028659569810551904,0.0064462339372166957,-0.1005509599703613,-0.99455401731722948,-0.02553344243049209,0},
{0,6.4736910982631675e-07,-6.0750362662265393e-06,9.7646611385528281e-06,7.954050704145315e-06,5.6187602225600813e-06,-5.1552530409228268e-05,-0.00014404662910743151,-0.0011561896025473932,-0.00062061758290682801,-0.0015152073877086813,0.0022070970855068354,0.025425486943427611,-0.99967226224774763,0},
{0,0,0,0,0,0,0,0,0,0,0,0,0,0,1}
}
r={[0, 0],[-2.2920000000000002e-06, 2.2920000000000002e-06],[-9.5500000000000002e-08, 9.5500000000000002e-08],[-6.3666666666666668e-08, 6.3666666666666668e-08],[-4.7750000000000001e-08, 4.7750000000000001e-08],[-3.8200000000000005e-08, 3.8200000000000005e-08],[-3.1833333333333334e-08, 3.1833333333333334e-08],[-2.7285714285714287e-08, 2.7285714285714287e-08],[-2.3875e-08, 2.3875e-08],[-2.1222222222222225e-08, 2.1222222222222225e-08],[-1.9100000000000002e-08, 1.9100000000000002e-08],[-1.7363636363636365e-08, 1.7363636363636365e-08],[-1.5916666666666667e-08, 1.5916666666666667e-08],[-1.4692307692307694e-08, 1.4692307692307694e-08],[-2.3875000000000004e-07, 2.3875000000000004e-07]}
iterations=5
