S=8.3637733062744146e-05
a={0,0.67955591277146066,-0.58012101402680394,-0.091826827425281601,0.076733685091518941,-0.011149746927127202,-0.0060177191256554066,0.0017812660081635945,0.00011357611814965454,-0.00015581767678239883,1.6886293509098171e-05,7.4250503679561294e-06,-2.3347291442473083e-06,-1.0251034391558741e-07,0}
E={
{-0.45160471504676947,0.3674582639199559,0.55906301975579964,-0.57457982404920516,-0.0048427662797118267,0.13268702595709186,-0.024630485422239699,-0.0087967180408633234,0.0043439617431787749,1.4969456433377253e-05,-0.0003637966222964173,6.5338968045956021e-05,1.6689480427886464e-05,-7.6383142805232219e-06,0.0013497691685683819},
{0.63114021482660732,0.77566876257112749,2.6935886513229228e-16,-2.520478527527686e-16,-2.1078503660661305e-18,5.7431691957444957e-17,-1.1807432794366757e-17,-3.7528293175176363e-18,1.9683594330496523e-18,7.0824400211767737e-21,-1.7812901122943955e-19,2.829246342437253e-20,7.6042506919758148e-21,-3.1642977208438922e-21,5.7211513672939095e-19},
{0.53724441252989452,-0.43714091671626315,0.72130178159898772,-2.0441754350530178e-16,-2.3141707233558636e-18,4.3880208692120484e-17,-8.2445286579472637e-18,-3.2549087344362006e-18,2.0544722473520969e-18,6.5078372567391309e-21,-1.2625445700320157e-19,2.5011892386574895e-20,7.5673428793804004e-21,-3.061132898966068e-21,5.4620624796382353e-19},
{-0.32446050672793053,0.26400453879337188,0.40166513908967522,0.81467300133883491,4.3368604936707429e-19,-7.0011231539504165e-18,2.2948597402361862e-20,-4.2550161409802159e-19,2.128117183423996e-19,8.3315688939580748e-22,2.744228030412261e-20,6.715696467463082e-21,-1.5470604989285436e-23,2.1883870547347449e-22,-5.5461350082757101e-20},
{-0.0022278354793593912,0.0018127281010781838,0.0027579438148266086,-0.0028344905956270367,0.99998805501610177,-3.2816434131646035e-19,6.88564470595987e-20,2.7504097974603525e-20,-8.6679815086350989e-21,-2.7151171396042268e-23,1.075350842346305e-21,-8.2383516014027278e-23,-3.3846916259314128e-23,2.0200024640912472e-23,-3.4495752854562754e-21},
{0.060499671708969589,-0.049226909270871796,-0.074895429637726954,0.076974153651106991,0.00064876596794497833,0.991151721240769,-1.7352499616208046e-18,-4.3407365900543228e-19,5.441287254095796e-20,6.3597520520149214e-22,-6.7932878679577919e-21,1.6971235923580414e-21,8.4781397361580047e-22,-2.1211569106981608e-22,5.4273323873242443e-20},
{-0.011127712103285392,0.009054311513224271,0.013775525640363648,-0.014157865605353068,-0.00011932760475840201,0.0032694588331274701,0.99969659377286135,4.0659154679815566e-20,-2.0330536264020108e-20,-1.0588579454270714e-22,3.3882942609329997e-21,-5.2942481387710922e-22,-1.0588658282225837e-22,2.6473195866023547e-23,-1.3553143190997306e-20},
{-0.0039728758134590422,0.0032326191479910794,0.0049182124884528033,-0.0050547175656264643,-4.2602985269783176e-05,0.0011672798326079247,-0.00021668033248421157,0.99996130732137645,6.7763275131230628e-21,1.3235330445720397e-23,6.352640436300615e-22,1.0588102687384364e-22,-5.2939071674823763e-23,-2.2312498603737702e-28,-2.5410617280567224e-21},
{0.0019617759578762369,-0.0015962428284356043,-0.0024285760412865311,0.0024959812135348352,2.1037031148287541e-05,-0.0005763939320646051,0.00010699510550319845,3.8213042038311351e-05,0.999990564935193,1.9852334703496511e-23,-1.0587912552136535e-22,2.6469782194383777e-23,3.3087225183406788e-23,-1.3234890115149677e-23,1.2705506338837444e-21},
{6.7602903500231259e-06,-5.5006612483155e-06,-8.3688859119163802e-06,8.6011644927922319e-06,7.2493720852234157e-08,-1.9862565453022342e-06,3.6870570073456422e-07,1.3168234542760244e-07,-6.5026873446703994e-08,0.99999999988795729,4.1359033364540775e-25,3.1019272053841189e-25,2.5849391972989575e-26,9.9117977534922988e-34,3.3087252891065757e-24},
{-0.00016429258089663192,0.00013368032825997647,0.00020338562317719116,-0.00020903059485196103,-1.761785349585287e-06,4.8271183226533412e-05,-8.9605043612920469e-06,-3.2002223674828696e-06,1.5803216005598222e-06,5.4458479951976143e-09,0.9999999338258857,-1.6543612286374285e-24,4.1359030453019943e-25,6.2038546020583143e-25,-1.4297622424644742e-31},
{2.9507439877691191e-05,-2.4009387565973424e-05,-3.6528667424511525e-05,3.7542521254036192e-05,3.1642192846792596e-07,-8.6696491655829233e-06,1.6093334359447941e-06,5.7476952756105364e-07,-2.8383049533608983e-07,-9.7809061994370907e-10,2.3770139244465029e-08,0.99999999786540561,0,5.1698788286080617e-26,-6.6174509290543928e-24},
{7.5370617860018003e-06,-6.1326986779906405e-06,-9.3304883270136461e-06,9.5894562004305212e-06,8.0823400308329486e-08,-2.2144815576955526e-06,4.1107075338531769e-07,1.4681292107669254e-07,-7.2498596590108197e-08,-2.4983290537509536e-10,6.0715876704318556e-09,-1.0904754153086441e-09,0.99999999986073029,1.2924697071520154e-26,4.9630881962551453e-24},
{-3.4495050287672024e-06,2.8067668184613234e-06,4.2703068276107106e-06,-4.3888292713698622e-06,-3.6990638225024189e-08,1.0135070517227696e-06,-1.8813573130252662e-07,-6.7192219451169066e-08,3.3180605468912544e-08,1.1434162116641914e-10,-2.7787979980015289e-09,4.990804819777915e-10,1.2747972894291859e-10,0.999999999970828,-8.2718136606446678e-25},
{0.00060956267602454344,-0.0004959842871861608,-0.00075460671475366435,0.0007755508378624274,6.5366225694008755e-06,-0.00017909701985234302,3.3245500114428756e-05,1.187354961222384e-05,-5.8633509715372846e-06,-2.0205329169818926e-08,4.9104191171416009e-07,-8.8192604912573532e-08,-2.2526966641674997e-08,1.0309970507438192e-08,0.99999908906118085}
}
B={
{1,0,0,0,0,0,0,0,0,0,0,0,0,0,0},
{0,0.7215635596309774,-0.5810615529843508,-0.37644853706195658,-7.4956229309102914e-17,1.4308572482424045e-18,-4.8086608044385709e-17,8.7283934600955156e-18,-1.2846193255075082e-18,1.9030976599398271e-18,1.242134494529947e-18,1.2748156290150641e-19,5.3773067243646584e-19,-1.9148322785563737e-19,0},
{0,-0.66204861999689257,-0.69451566745429671,-0.19698258670234337,0.18666464285634038,-0.01899404020445148,0.068997850956644874,-0.011593696967513847,-0.020920287772052286,-0.00048314802047670142,-8.0303668137317103e-06,3.329148094840275e-05,-1.4472110226508705e-05,2.5915665504570462e-07,0},
{0,-0.10190265887462403,0.40599374447457875,-0.82198911796763863,0.3232570987884531,-0.1294010579569731,-0.16173664583093159,-0.0087672458044151004,-0.040479980362969521,0.0012051472809976246,0.0017521891730090525,0.00049096285626821937,-0.00017938559104973994,1.6306753306307039e-06,0},
{0,0.16986567877189906,-0.020369593422577308,0.35703385241060387,0.9088188584262431,-0.11372586387124449,-0.057271499755165593,-0.016307350332431834,-0.028624450800523244,-0.0021718873122714539,-0.0014137971035237656,-0.0004752410232076353,0.00011904461069853289,-6.5164945687182068e-06,0},
{0,-0.038147055063417784,-0.11983904183608467,0.11185681645909315,-0.11759316220079823,-0.14729843913629651,-0.96496343483828273,0.069111767353539064,-0.0042009030457721298,0.010379498035468776,0.0090169449874270384,0.0028134789041806244,-0.0010033494237269278,2.6211654427301484e-05,0},
{0,-0.017210745601911291,0.018512353994912242,-0.061563432290039202,0.14204418568635008,0.87284422529484662,-0.15575339078243883,0.080368006909687706,0.42689525373615544,-0.019165641668088415,-0.014099054084950692,-0.0035104735951031469,0.0011458411153919682,3.394249418062663e-06,0},
{0,0.0068717273231390071,0.0071806730601110197,0.0020878683563253378,0.015488267490623773,0.42999299297985266,-0.079900057462509666,-0.21154813514440174,-0.87381863759854272,-0.007828772452338555,-0.0019391431152641974,-0.0014588390051409931,0.00041465776169291032,-5.8953370710549961e-05,0},
{0,0.00017738488155597966,-0.0037222081863159634,0.0060853644264661985,-0.021507401107852292,-0.034868983019225065,-0.062404959098794795,-0.92958513372512741,0.2158534990756858,-0.26340431882193915,-0.11813860489703835,-0.017377282160550497,0.0035881548004192245,0.001274756478688793,0},
{0,-0.00069369648072236246,-4.5120972337952072e-05,-0.0012600076583551428,-0.001210851360682393,-0.017002475573336027,0.0069577703717200986,0.2504676617997329,-0.062177097914489318,-0.60660970047044138,-0.68399218965664454,-0.29508192352091317,0.10077843864714579,-0.0029406821019132825,0},
{0,0.00010537568458488697,0.00030503435919195649,-0.00026885078419466819,0.0008993092846492839,-0.0028082331029299257,0.0077186026952293834,0.12799901522386931,-0.028273436949459239,-0.74063634810804335,0.53035654082929207,0.38528585096817586,-0.066950130083806597,-0.00080576819692146947,0},
{0,3.5442439913983547e-05,-5.4632140875357191e-05,0.00015226147556206957,-8.5288973931181878e-05,0.00059823500436020959,-0.000535037301834698,-0.015874989710730949,0.0054139462533760244,-0.090643228484939359,0.45685133971080766,-0.7044178644144844,0.53530779109656845,-0.0054492805331361246,0},
{0,-1.4543361080776332e-05,-1.4485341973370804e-05,-5.5175777919027744e-06,-3.7883033447246366e-05,-8.6065307886828229e-06,-0.00054877091876014865,-0.005844287850886456,0.00071367546973166013,0.073030508020337725,-0.16670336595242446,0.51652808134401751,0.83340837727238881,-0.073964737612181225,0},
{0,-1.5604596815919903e-07,6.3934167760775598e-06,-1.0167567112645996e-05,3.0257402103403852e-05,2.0590652812011003e-05,8.394171938174554e-05,0.0014953812416946997,-0.00045271443063013008,0.0028701264444651571,-0.011305633692855515,0.033924617756375737,0.064977064038094196,0.99724049097230194,0},
{0,0,0,0,0,0,0,0,0,0,0,0,0,0,1}
}
r={[0, 0],[-1.7190000000000002e-06, 1.7190000000000002e-06],[-9.5500000000000002e-08, 9.5500000000000002e-08],[-6.3666666666666668e-08, 6.3666666666666668e-08],[-4.7750000000000001e-08, 4.7750000000000001e-08],[-3.8200000000000005e-08, 3.8200000000000005e-08],[-3.1833333333333334e-08, 3.1833333333333334e-08],[-2.7285714285714287e-08, 2.7285714285714287e-08],[-2.3875e-08, 2.3875e-08],[-2.1222222222222225e-08, 2.1222222222222225e-08],[-1.9100000000000002e-08, 1.9100000000000002e-08],[-1.7363636363636365e-08, 1.7363636363636365e-08],[-1.5916666666666667e-08, 1.5916666666666667e-08],[-1.4692307692307694e-08, 1.4692307692307694e-08],[-2.3875000000000004e-07, 2.3875000000000004e-07]}
iterations=5
