S=8.3637733062744146e-05
a={0,0.67719204911649455,-0.56936516007873472,-0.091399882965607776,0.075033562764551073,-0.010569391595516522,-0.0058718022697997908,0.0017005142548319682,0.00011750120178059626,-0.00014874767167222711,1.536164982997435e-05,7.1511124543829712e-06,-2.1670951769769329e-06,-1.1047254651375119e-07,0}
E={
{-0.44679109505579157,0.37332452675149669,0.55728080621189102,-0.57658846523311558,-0.002769784618197592,0.13150131906874571,-0.024405733990131857,-0.0086389699895028944,0.0042458293173132274,1.8288958758323619e-05,-0.00035293014231673945,6.2443603446221159e-05,1.6199221270479057e-05,-7.2722180964193211e-06,0.001289743993095664},
{0.64119606351917724,0.76737709643141638,0,-5.1190725000031769e-17,-1.3746094071788876e-19,1.4452099983349005e-17,-2.5025207414786466e-18,-9.2250797305786118e-19,4.5894989655277158e-19,1.4229135400729237e-21,-2.4665551016720813e-20,5.3543489716148075e-21,1.7806286854703841e-21,-8.6426149925607866e-22,1.4903162180953209e-19},
{0.53060926082223292,-0.44336033859780882,0.72241637750546606,-3.4127150000019864e-17,-4.8918297656469229e-19,2.7134184967015896e-17,-3.1706089948358e-18,-1.2857590602571369e-18,4.2434344242650723e-19,2.9679117345438628e-21,-3.5341453552027709e-20,6.5394564869036458e-21,2.0721103486373079e-21,-1.2285043867417127e-21,8.4309166259651699e-20},
{-0.32255552878109034,0.2695172116584878,0.40232226451331277,0.81329896037648131,3.252619222522629e-19,-3.4999814789392292e-18,1.7465029427005728e-18,4.3525321643295275e-21,-6.5266632356049932e-19,-5.0914626402990122e-21,6.794142999382703e-20,-6.8078982326481896e-21,-3.8198549801762001e-21,8.5071713939848718e-22,-2.717041682039138e-19},
{-0.0012601813854252678,0.001052967761759412,0.0015718193719937877,-0.0016262769311616739,0.99999609389685784,-2.7342662806686618e-20,-6.6904690126093234e-21,2.9654427607486381e-23,1.6795067834878699e-21,-6.2647764610785808e-26,3.1884631668022344e-22,-2.6683683585607564e-23,-9.9816586850890375e-24,-1.6294498365519445e-24,-4.4180899505567298e-24},
{0.059309593712900295,-0.049557223162487528,-0.073976627032590031,0.076539635617067434,0.00036767697967889573,0.99130997239620278,-8.6762019547498622e-19,-2.1703147337836391e-19,9.7867609484753712e-23,4.2393803955474193e-22,-1.3560663146018332e-20,3.3895714381317763e-21,-4.2314299585197974e-22,-1.589863407005185e-22,2.7134812277299025e-20},
{-0.010908544208345217,0.009114834984837214,0.013606185034340414,-0.014077587563001787,-6.7625157013100483e-05,0.0032106457993259585,0.99970210757208089,1.3553032919169712e-20,-6.7768217866174185e-21,-1.0588178601058407e-22,3.3881834783042957e-21,-3.1764653851164953e-22,-2.3825050164775788e-27,1.0695635214638122e-27,-1.0164593510452113e-20},
{-0.0038600354095669671,0.0032253236657294204,0.0048146072490126779,-0.0049814150666314819,-2.3929453432328516e-05,0.0011361008615150161,-0.00021085245082294509,0.99996268266286703,-1.01644869855713e-20,-5.2940348504343892e-23,2.1175977316797995e-21,-4.2351921604439353e-22,-6.6175160669469699e-23,2.6470099089845906e-23,-3.3881912690531882e-21},
{0.0018970192295238971,-0.0015850893492227345,-0.0023661447538396584,0.0024481226644239777,1.176015981631017e-05,-0.00055833818923812129,0.00010362370065621785,3.667998842125628e-05,0.99999098640992445,0,0,-5.2939559306605561e-23,-1.3234889856134669e-23,6.6174449261978284e-24,4.2351682127252738e-22},
{8.1713585572494433e-06,-6.827729111120737e-06,-1.0192103949748081e-05,1.0545221562228333e-05,5.0656567447523921e-08,-2.4050265118372696e-06,4.4635626245262256e-07,1.5799804904511504e-07,-7.7651936461078446e-08,0.99999999983275645,0,-5.1698788385355817e-25,-5.1698788814300759e-26,2.4085879248348671e-34,-4.271652431340127e-32},
{-0.00015768631755080128,0.00013175770628886,0.00019668153449280726,-0.00020349580112720211,-9.7754217057054788e-07,4.6410859541491393e-05,-8.6135340713264535e-06,-3.0489581823614676e-06,1.4984837374897825e-06,6.454735983666834e-09,0.99999993772005147,-4.9630836849944594e-24,-1.2407709240126252e-24,1.4475660744059618e-24,-7.9409405290696046e-23},
{2.7899292434942864e-05,-2.331176753573402e-05,-3.4798679635601948e-05,3.6004321447241109e-05,1.729556204231235e-07,-8.2114298983992393e-06,1.5239845136015706e-06,5.39449314771459e-07,-2.6512532381108383e-07,-1.142030390434179e-09,2.2038266560283992e-08,0.99999999805039486,-4.1359030633079817e-25,5.1698788334652044e-26,-1.3234900817709392e-23},
{7.2376798512638559e-06,-6.0475766754360167e-06,-9.0275301080300637e-06,9.3402996690606862e-06,4.4868428545931488e-08,-2.1302225088430454e-06,3.9535454289576949e-07,1.3994481922449796e-07,-6.8779243010619985e-08,-2.9626738261017774e-10,5.717202979684676e-09,-1.0115394319723174e-09,0.99999999986879229,5.1698788285930742e-26,-4.9630878037032267e-24},
{-3.2491676916637498e-06,2.7149018954264377e-06,4.0526743052072211e-06,-4.1930840461076957e-06,-2.0142511330023372e-08,9.5630786302036934e-07,-1.7748411561822674e-07,-6.282457839863717e-08,3.0876648157927665e-08,1.3300151809045237e-10,-2.5665892371615986e-09,4.5410425837424037e-10,1.178044660348037e-10,0.99999999997355726,1.6543626010727863e-24},
{0.00057624661029274666,-0.00048149346632083274,-0.00071875017007828011,0.00074365212803310357,3.5723160446562767e-06,-0.00016960317741544781,3.1477174991063317e-05,1.1142068917578078e-05,-5.4760374122447454e-06,-2.3588094317215095e-08,4.5518990962602345e-07,-8.0536329435697816e-08,-2.0892865703444849e-08,9.3793074072971801e-09,0.99999916827987023}
}
B={
{1,0,0,0,0,0,0,0,0,0,0,0,0,0,0},
{0,-0.75998795376379735,0.52805632414982118,0.37891269266058575,3.5900167935335549e-17,1.4209794119678064e-16,1.1485291256754027e-17,-5.8358647521561301e-19,-5.2115749458600939e-18,1.7691744214966556e-18,3.2370212594058093e-19,1.3312535602396944e-19,-3.8671662856397948e-21,7.8305544624032219e-21,0},
{0,0.61296441698338666,0.73732475319971125,0.2018844329990073,0.19330800692231159,0.044150089886423549,-0.022273021360665751,-0.0072969163481932438,0.0014184862086437167,-0.00095866938129641468,0.00016099932979459633,-4.5019583776714527e-05,-9.8019231225633908e-10,4.8560229268615122e-07,0},
{0,0.12976831234340269,-0.40291280870345675,0.8217803650008505,0.28978516003642779,0.026872858380450459,0.24621708821190016,0.010541138357004522,-0.0075633595633213284,0.0030534305182392152,-0.0006144388785544419,-0.00014191808078354976,1.4397677196563938e-05,6.6362366098575584e-06,0},
{0,-0.16926570785448344,0.0093452394455782965,-0.35252108026978168,0.83785191931478809,0.27364083025724495,0.26405362536592786,0.015437426599048875,-0.012259325828756384,0.0015480854526898321,-0.00043282070005240005,-0.00016037299893120846,-4.6002824586590911e-06,2.1558305687660749e-06,0},
{0,0.028840086726017958,0.12130880781833744,-0.11121233324326389,-0.31516828722391621,-0.065263695783018605,0.93064644567965304,0.0084453492048751962,-0.047708706220044431,0.0062786865669273136,-0.0020294861397368294,-0.0002184395887462016,1.8851584341971189e-05,4.6457994135873401e-07,0},
{0,0.018216231017084295,-0.017224469039839853,0.060540611034957031,-0.27678273158435923,0.95614521337160496,-0.017357215233604582,-0.035184782595441708,0.0090818542763145584,0.056952913908463458,0.004199789532164269,-0.00094288929816885563,0.00029408452867825949,-3.6984349469839071e-05,0},
{0,-0.0061646232889048993,-0.0075441210262966341,-0.0018508712813168368,0.021384070081742052,-0.030668009731517249,0.021765409864202688,-0.99040217171872857,0.1299343419492783,-0.0065722570048636448,0.013439356697367367,-0.0051678527354864492,-0.00045250947606696745,-4.7876633920978577e-05,0},
{0,-0.00045012079393966638,0.0036242822151534839,-0.0059536446496634343,0.0071707414857043131,-0.036812824802471528,0.034114308238566565,0.1021667405997668,0.7846367313096998,0.60219955325178531,0.092247955235638016,0.011005206245235044,0.0033340735116800355,-0.0013287804391634555,0},
{0,0.00066658093304056587,9.4019021548633966e-05,0.0012059404428809706,-0.014402339814958441,0.040495191199084159,0.032845622093455568,0.08285485521035614,0.58249143295314987,-0.79383989510271313,0.14276880367798775,-0.016265877909700178,0.0090242422965837212,-0.00021715329962976196,0},
{0,-7.8062018272393268e-05,-0.00030327559121548443,0.00026607818191620974,0.0021079147914142638,-0.005794548573430776,-0.005865457551940052,-0.0084304265337949713,-0.15820738837389944,0.055504605895209697,0.97733254741289199,0.12846565310758148,-0.007880751792056901,-0.0012481303836096556,0},
{0,-3.8105726983084038e-05,4.9765422757252974e-05,-0.0001457825001840027,0.0006434980868241741,-0.0026546854529036898,-0.0013392921923592374,0.0036913944122572489,-0.022825454546626437,0.027306939268068823,0.12522644005561703,-0.98639131405820957,0.10030403866973152,0.00019250584488559081,0},
{0,1.2730244487388659e-05,1.5031665341301192e-05,4.5848728389306485e-06,-0.00015547112544859006,0.00031692309099900172,0.00032742755148388859,0.0019701596131728658,0.0067803396084953685,-0.0028659569810551904,0.0064462339372166957,-0.1005509599703613,-0.99455401731722948,-0.02553344243049209,0},
{0,6.4736910982631675e-07,-6.0750362662265393e-06,9.7646611385528281e-06,7.954050704145315e-06,5.6187602225600813e-06,-5.1552530409228268e-05,-0.00014404662910743151,-0.0011561896025473932,-0.00062061758290682801,-0.0015152073877086813,0.0022070970855068354,0.025425486943427611,-0.99967226224774763,0},
{0,0,0,0,0,0,0,0,0,0,0,0,0,0,1}
}
r={[0, 0],[-2.2920000000000002e-06, 2.2920000000000002e-06],[-9.5500000000000002e-08, 9.5500000000000002e-08],[-6.3666666666666668e-08, 6.3666666666666668e-08],[-4.7750000000000001e-08, 4.7750000000000001e-08],[-3.8200000000000005e-08, 3.8200000000000005e-08],[-3.1833333333333334e-08, 3.1833333333333334e-08],[-2.7285714285714287e-08, 2.7285714285714287e-08],[-2.3875e-08, 2.3875e-08],[-2.1222222222222225e-08, 2.1222222222222225e-08],[-1.9100000000000002e-08, 1.9100000000000002e-08],[-1.7363636363636365e-08, 1.7363636363636365e-08],[-1.5916666666666667e-08, 1.5916666666666667e-08],[-1.4692307692307694e-08, 1.4692307692307694e-08],[-2.3875000000000004e-07, 2.3875000000000004e-07]}
iterations=4
