S=8.3637733062744146e-05
a={0,0.67950274495831819,-0.58002756910773889,-0.091813611427843153,0.07671512371591134,-0.011145543200217416,-0.0060158390781696238,0.0017805150476436389,0.00011355686292345845,-0.00015574190016272749,1.6874773702591396e-05,7.4211809396784105e-06,-2.3331402858281446e-06,-1.0249349821727221e-07,0}
E={
{-0.45155978408524355,0.36751371436547914,0.55905565105746513,-0.57459046931615976,-0.0048147671694295183,0.13267282065425481,-0.024628931987949708,-0.008794347040244269,0.0043429732472916698,1.4911822784805e-05,-0.00036366720990435803,6.5315823285776569e-05,1.6681559131741349e-05,-7.6345972052292881e-06,0.0013491079999275845},
{0.63123529313822613,0.77559139029304469,2.3087753891588026e-16,-1.990082131619663e-16,-2.0612746202265721e-18,5.0401090192493195e-17,-9.634993110598441e-18,-3.0693262812413857e-18,1.6295341490947027e-18,7.5454233604321924e-21,-1.8592642151110256e-19,2.9906975036563659e-20,7.1415157381403173e-21,-2.9704201898384709e-21,5.275390957635669e-19},
{0.53718706713694442,-0.43720371324149554,0.72130643143441897,-3.0662886403973641e-16,-3.0325642102231445e-18,6.5817928619239729e-17,-1.4101785762985031e-17,-4.0149152394335756e-18,2.2143131080603119e-18,7.4222218380239308e-21,-1.6226449448897678e-19,2.904534715723928e-20,7.3266831871701965e-21,-3.1089515142560916e-21,5.7528507571969831e-19},
{-0.32443555536772062,0.26405034333816912,0.4016689196530655,0.81466622955721746,6.5052898442517809e-19,-1.4002074964600115e-17,2.6487373438339242e-18,1.3180330474744962e-18,-1.3094702304763753e-18,-2.5700776513719223e-21,2.7811786803489711e-20,-1.0291327183320672e-20,-2.5735170350434559e-21,1.2853861546172867e-21,-1.1104211189139903e-19},
{-0.0022147254767981256,0.0018025121256685769,0.002741950981868654,-0.0028181432358902496,0.99998819278760209,-4.9224556633833001e-19,3.5501190492732991e-20,1.0746872755348973e-20,-1.384049792219367e-20,-1.422409113486004e-23,6.5939924044142259e-22,-1.6315153018116488e-22,-2.0958938561838668e-23,1.7050068194630622e-23,-2.2070800141796501e-21},
{0.060487052125628174,-0.049228965867145306,-0.074886270873617725,0.076967181076193339,0.00064494466295313211,0.9911536253089186,-1.3014374213660284e-18,-5.424039640894699e-19,3.2542364431155458e-19,5.7017566510736939e-25,-1.6954565420572922e-20,3.3906296460362355e-21,4.24154424308563e-22,-4.2380844256764095e-22,1.3604133259218234e-20},
{-0.011125902230264852,0.0090551058761688032,0.013774474021292017,-0.014157233680594499,-0.00011863020285803264,0.0032689023319535681,0.99969663206469939,6.7765256386329148e-20,-4.0660553158099423e-20,-1.85299977217849e-22,3.3884129616769656e-21,-6.3532525156710917e-22,-5.2952467681462553e-23,1.4558969559990071e-22,-1.3553583454637518e-20},
{-0.0039714097082606814,0.0032322354305902488,0.004916821910005355,-0.0050534486208485821,-4.2345252508309132e-05,0.0011668402425074466,-0.000216608261072627,0.99996132817723571,-3.3881637420145974e-21,-2.6469999028134581e-23,2.1176360222598486e-22,-5.2940525476969165e-23,-2.4681360386656022e-28,1.9852447660265761e-23,-3.3881548334388244e-21},
{0.0019611343950846549,-0.0015961204060001045,-0.0024279913860714153,0.0024954594544917071,2.091064313758755e-05,-0.00057620107247823341,0.00010696401083106832,3.819404887410916e-05,0.9999905692287594,1.985233470347996e-23,-6.3527475255725017e-22,7.9409354083673462e-23,6.6174488467299091e-24,-1.3234891607748393e-23,2.1175846146012974e-21},
{6.733592655069712e-06,-5.4803101048999023e-06,-8.3365551105523713e-06,8.5682080207788555e-06,7.1797095291863166e-08,-1.9783974617992675e-06,3.6726298793907399e-07,1.3114000122106543e-07,-6.4761774165448956e-08,0.99999999988881838,0,-1.0339757678969822e-25,-7.7548182550296761e-26,-1.9387045545838611e-26,-1.065656158681453e-32},
{-0.00016421779728992468,0.00013365293981880478,0.00020331059322548252,-0.00020896010792022013,-1.7509762536300212e-06,4.8248845747454881e-05,-8.9567519146057558e-06,-3.1982216983243453e-06,1.5793999498960598e-06,5.4229512405739743e-09,0.99999993387295727,0,8.2718061266813208e-25,6.2038545932750206e-25,1.0587921477403861e-22},
{2.9494052815016127e-05,-2.4004504572293719e-05,-3.6515246662686443e-05,3.7529917956149379e-05,3.1448105476184839e-07,-8.6656503023640897e-06,1.6086619013284427e-06,5.7441106409418526e-07,-2.8366539015272878e-07,-9.7397975701966841e-10,2.3753266508746222e-08,0.99999999786691762,-6.2038545950107555e-25,5.1698788365085593e-26,-1.9852352782336316e-23},
{7.5327349514950935e-06,-6.1307129175879524e-06,-9.325936876957217e-06,9.5850823380603342e-06,8.0317969444387549e-08,-2.2131935315725212e-06,4.1084973317420587e-07,1.4670368722011768e-07,-7.2447696908071872e-08,-2.4875290634915553e-10,6.0665471091688845e-09,-1.0895717517164175e-09,0.99999999986086241,9.0472879500623448e-26,-8.2718136541980687e-24},
{-3.4474833404098256e-06,2.8058242835193362e-06,4.2681724797236269e-06,-4.3867747756557947e-06,-3.6758874881176261e-08,1.012905389387777e-06,-1.8803231756465438e-07,-6.7141419540809245e-08,3.3156911765767824e-08,1.1384596777124476e-10,-2.7764577178598397e-09,4.9866090953830204e-10,1.2735721653167254e-10,0.99999999997085631,-1.654362730653265e-24},
{0.0006092034715585304,-0.00049581614334937073,-0.0007542271376282018,0.00077518530429133644,6.4956468174074356e-06,-0.00017899012660697116,3.3227119412842799e-05,1.1864534743412672e-05,-5.859145283487988e-06,-2.011767772050731e-08,4.9062678868656032e-07,-8.8118179908348653e-08,-2.2505245356719595e-08,1.0299905539193754e-08,0.99999908995338815}
}
B={
{1,0,0,0,0,0,0,0,0,0,0,0,0,0,0},
{0,0.7215635596309774,-0.5810615529843508,-0.37644853706195658,-7.4956229309102914e-17,1.4308572482424045e-18,-4.8086608044385709e-17,8.7283934600955156e-18,-1.2846193255075082e-18,1.9030976599398271e-18,1.242134494529947e-18,1.2748156290150641e-19,5.3773067243646584e-19,-1.9148322785563737e-19,0},
{0,-0.66204861999689257,-0.69451566745429671,-0.19698258670234337,0.18666464285634038,-0.01899404020445148,0.068997850956644874,-0.011593696967513847,-0.020920287772052286,-0.00048314802047670142,-8.0303668137317103e-06,3.329148094840275e-05,-1.4472110226508705e-05,2.5915665504570462e-07,0},
{0,-0.10190265887462403,0.40599374447457875,-0.82198911796763863,0.3232570987884531,-0.1294010579569731,-0.16173664583093159,-0.0087672458044151004,-0.040479980362969521,0.0012051472809976246,0.0017521891730090525,0.00049096285626821937,-0.00017938559104973994,1.6306753306307039e-06,0},
{0,0.16986567877189906,-0.020369593422577308,0.35703385241060387,0.9088188584262431,-0.11372586387124449,-0.057271499755165593,-0.016307350332431834,-0.028624450800523244,-0.0021718873122714539,-0.0014137971035237656,-0.0004752410232076353,0.00011904461069853289,-6.5164945687182068e-06,0},
{0,-0.038147055063417784,-0.11983904183608467,0.11185681645909315,-0.11759316220079823,-0.14729843913629651,-0.96496343483828273,0.069111767353539064,-0.0042009030457721298,0.010379498035468776,0.0090169449874270384,0.0028134789041806244,-0.0010033494237269278,2.6211654427301484e-05,0},
{0,-0.017210745601911291,0.018512353994912242,-0.061563432290039202,0.14204418568635008,0.87284422529484662,-0.15575339078243883,0.080368006909687706,0.42689525373615544,-0.019165641668088415,-0.014099054084950692,-0.0035104735951031469,0.0011458411153919682,3.394249418062663e-06,0},
{0,0.0068717273231390071,0.0071806730601110197,0.0020878683563253378,0.015488267490623773,0.42999299297985266,-0.079900057462509666,-0.21154813514440174,-0.87381863759854272,-0.007828772452338555,-0.0019391431152641974,-0.0014588390051409931,0.00041465776169291032,-5.8953370710549961e-05,0},
{0,0.00017738488155597966,-0.0037222081863159634,0.0060853644264661985,-0.021507401107852292,-0.034868983019225065,-0.062404959098794795,-0.92958513372512741,0.2158534990756858,-0.26340431882193915,-0.11813860489703835,-0.017377282160550497,0.0035881548004192245,0.001274756478688793,0},
{0,-0.00069369648072236246,-4.5120972337952072e-05,-0.0012600076583551428,-0.001210851360682393,-0.017002475573336027,0.0069577703717200986,0.2504676617997329,-0.062177097914489318,-0.60660970047044138,-0.68399218965664454,-0.29508192352091317,0.10077843864714579,-0.0029406821019132825,0},
{0,0.00010537568458488697,0.00030503435919195649,-0.00026885078419466819,0.0008993092846492839,-0.0028082331029299257,0.0077186026952293834,0.12799901522386931,-0.028273436949459239,-0.74063634810804335,0.53035654082929207,0.38528585096817586,-0.066950130083806597,-0.00080576819692146947,0},
{0,3.5442439913983547e-05,-5.4632140875357191e-05,0.00015226147556206957,-8.5288973931181878e-05,0.00059823500436020959,-0.000535037301834698,-0.015874989710730949,0.0054139462533760244,-0.090643228484939359,0.45685133971080766,-0.7044178644144844,0.53530779109656845,-0.0054492805331361246,0},
{0,-1.4543361080776332e-05,-1.4485341973370804e-05,-5.5175777919027744e-06,-3.7883033447246366e-05,-8.6065307886828229e-06,-0.00054877091876014865,-0.005844287850886456,0.00071367546973166013,0.073030508020337725,-0.16670336595242446,0.51652808134401751,0.83340837727238881,-0.073964737612181225,0},
{0,-1.5604596815919903e-07,6.3934167760775598e-06,-1.0167567112645996e-05,3.0257402103403852e-05,2.0590652812011003e-05,8.394171938174554e-05,0.0014953812416946997,-0.00045271443063013008,0.0028701264444651571,-0.011305633692855515,0.033924617756375737,0.064977064038094196,0.99724049097230194,0},
{0,0,0,0,0,0,0,0,0,0,0,0,0,0,1}
}
r={[0, 0],[-1.7190000000000002e-06, 1.7190000000000002e-06],[-9.5500000000000002e-08, 9.5500000000000002e-08],[-6.3666666666666668e-08, 6.3666666666666668e-08],[-4.7750000000000001e-08, 4.7750000000000001e-08],[-3.8200000000000005e-08, 3.8200000000000005e-08],[-3.1833333333333334e-08, 3.1833333333333334e-08],[-2.7285714285714287e-08, 2.7285714285714287e-08],[-2.3875e-08, 2.3875e-08],[-2.1222222222222225e-08, 2.1222222222222225e-08],[-1.9100000000000002e-08, 1.9100000000000002e-08],[-1.7363636363636365e-08, 1.7363636363636365e-08],[-1.5916666666666667e-08, 1.5916666666666667e-08],[-1.4692307692307694e-08, 1.4692307692307694e-08],[-2.3875000000000004e-07, 2.3875000000000004e-07]}
iterations=5
