S=8.3637733062744146e-05
a={0,0.67710306376874174,-0.56925223244299561,-0.091376709111315457,0.075008546506748208,-0.010565101341039032,-0.0058691094726755098,0.0016996033219704714,0.00011743464253333374,-0.00014864917030288114,1.5350118109621686e-05,7.1454810513662846e-06,-2.1652142526093429e-06,-1.103768173352566e-07,0}
E={
{-0.44673226180678749,0.37339407867183655,0.55727692363275216,-0.57659761044151725,-0.0027288481559629629,0.13148150945852477,-0.02440416263023262,-0.0086354359938062737,0.0042445585678597643,1.8158184065224049e-05,-0.00035275296037657136,6.2418230740141388e-05,1.6187306047116306e-05,-7.2675556417236508e-06,0.0012888717640593416},
{0.64131611994959714,0.7672767651198581,3.842035759219839e-17,-1.2138820680169216e-16,-4.166236574623604e-19,2.9737207907465665e-17,-4.0629036184635634e-18,-1.4745571351955158e-18,7.3031218704583875e-19,3.0033688462400825e-21,-5.3991694631217049e-20,1.1038714626798008e-20,3.2388062975345456e-21,-9.0529469062721315e-22,2.585212849144766e-19},
{0.53053821544167712,-0.44344195638309164,0.7224184613332475,-1.3650950947425932e-16,-6.5240674182674531e-19,1.0538741061314726e-17,-8.0294272177776243e-18,-2.4282310886193917e-18,1.4251221410411056e-18,4.423109712221292e-21,-1.2320137817916044e-19,1.8566061433874465e-20,2.9942567716196801e-21,-2.9130825518410687e-21,4.2878520847700612e-19},
{-0.32251848444221382,0.26957196210964984,0.40232623472891016,0.81329354189389025,1.0842062832251616e-18,-7.3497278704013361e-17,1.0647507454494106e-17,4.4226967253371004e-18,-1.5601925720109553e-18,-6.9573218717142409e-21,9.8385054848684261e-20,-2.0951175496243311e-20,-6.9376704811268983e-21,2.6135651096710066e-21,-5.5495313768699697e-19},
{-0.0012413859325982456,0.0010375927512017845,0.0015485690036385329,-0.0016022576016268082,0.99999620852624638,-3.0076849268861983e-19,2.8078871072635162e-20,1.3900475248312862e-20,-1.2876883276786846e-20,-3.0512192607270881e-23,5.43648785761604e-22,-1.084011702772858e-22,-3.0432561428352252e-23,1.0219818000724024e-23,-2.3814203015122273e-21},
{0.059292684211812968,-0.049558850090001876,-0.073964760274641397,0.07652910469219977,0.00036218725578292618,0.99131260315282577,-2.6028604864814096e-18,-7.595184004175958e-19,4.8819283469806668e-19,1.9071342754019231e-21,-3.0518639734715605e-20,5.933734897068259e-21,2.3305087275006743e-21,-6.3579915830771767e-22,1.3561839285039344e-19},
{-0.010906404295196157,0.0091159451232753017,0.013605212681394937,-0.014076902862768926,-6.6621383306327337e-05,0.0032099550941264506,0.99970214595820006,1.7618942257060469e-19,-8.8098678173350772e-20,-2.3826243376485614e-22,6.7769326147227211e-21,-1.0589096441073354e-21,-2.3825873795646242e-22,9.2658021560479734e-23,-3.0495657554131717e-20},
{-0.0038579481131638658,0.0032246047676350851,0.0048126039685233097,-0.0049794560488217844,-2.3566139037796377e-05,0.0011354649858506046,-0.00021075261677288507,0.99996271318893992,-2.3717136171718366e-20,-1.5882050560175515e-22,1.6941015121977542e-21,-3.1764367689745839e-22,-1.058807580207762e-22,3.9705405541324456e-23,-7.6234334086078514e-21},
{0.0018962017252317316,-0.0015849101502211939,-0.0023654200834979885,0.0024474287557870017,1.1582880896724575e-05,-0.00055808699390319896,0.00010358601614113324,3.6654009637355589e-05,0.99999099180458206,5.2939559212123651e-23,-6.3527475030497139e-22,1.3234891231393696e-22,5.293956298711486e-23,-1.6543613953374985e-23,3.8116517305612466e-21},
{8.1118611579996113e-06,-6.7801705458987774e-06,-1.0119155067921161e-05,1.0469984283245848e-05,4.9551015798381492e-08,-2.3874697234941459e-06,4.4313607021135406e-07,1.5680411693849284e-07,-7.7073613712652935e-08,0.99999999983513976,-2.4815419920541534e-24,4.1359036172143204e-25,7.754819702481698e-26,-6.4623491915968812e-26,1.1580539358225186e-23},
{-0.00015758640009726714,0.0001317160941937515,0.00019658142417873335,-0.00020339686542151711,-9.6261092845866023e-07,4.6380571824214932e-05,-8.6086554857994835e-06,-3.0461808735964032e-06,1.4972831870386069e-06,6.4053642500971056e-09,0.9999999377825689,-1.4889251054959304e-23,-2.8951321593588351e-24,1.0339757728133698e-24,-3.1763762031668705e-22},
{2.7884283780724884e-05,-2.3306636529042393e-05,-3.4784297467519303e-05,3.5990262560873413e-05,1.7033015718996575e-07,-8.2068568471672958e-06,1.5232671879576095e-06,5.3900953302030286e-07,-2.6493827679116274e-07,-1.1334036081690729e-09,2.2018252301386992e-08,0.99999999805197881,5.1698788291337428e-25,-2.5849394149047085e-25,7.2791954378550716e-23},
{7.2314038570551637e-06,-6.0442542694104848e-06,-9.0208271028087415e-06,9.3335774928181533e-06,4.4172773644190425e-08,-2.1283349691028846e-06,3.950383056256456e-07,1.3978467751669078e-07,-6.8708082722695553e-08,-2.9393257105565882e-10,5.7101296153041965e-09,-1.0103846825372925e-09,0.99999999986898525,-3.8774091214445852e-26,9.9261755956357113e-24},
{-3.2466569630350854e-06,2.7136667510265978e-06,4.0500477783571536e-06,-4.1904621780349348e-06,-1.9832088756675496e-08,9.55550773224673e-07,-1.7735890443648618e-07,-6.275861583119934e-08,3.084761681105602e-08,1.3196583227053754e-10,-2.5636560261080157e-09,4.5362871853758666e-10,1.1764234281646768e-10,0.99999999997359124,-8.2718129960615392e-24},
{0.00057578107657833843,-0.00048125748459741153,-0.00071825908821491634,0.00074316099658838211,3.5171382579454789e-06,-0.00016946294579216382,3.1453862265057267e-05,1.1129978867269635e-05,-5.4706962329465973e-06,-2.3403590167177573e-08,4.5465370795105676e-07,-8.0449161984225666e-08,-2.0863379029345183e-08,9.3669550404990334e-09,0.999999169404443}
}
B={
{1,0,0,0,0,0,0,0,0,0,0,0,0,0,0},
{0,-0.75998795376379735,0.52805632414982118,0.37891269266058575,3.5900167935335549e-17,1.4209794119678064e-16,1.1485291256754027e-17,-5.8358647521561301e-19,-5.2115749458600939e-18,1.7691744214966556e-18,3.2370212594058093e-19,1.3312535602396944e-19,-3.8671662856397948e-21,7.8305544624032219e-21,0},
{0,0.61296441698338666,0.73732475319971125,0.2018844329990073,0.19330800692231159,0.044150089886423549,-0.022273021360665751,-0.0072969163481932438,0.0014184862086437167,-0.00095866938129641468,0.00016099932979459633,-4.5019583776714527e-05,-9.8019231225633908e-10,4.8560229268615122e-07,0},
{0,0.12976831234340269,-0.40291280870345675,0.8217803650008505,0.28978516003642779,0.026872858380450459,0.24621708821190016,0.010541138357004522,-0.0075633595633213284,0.0030534305182392152,-0.0006144388785544419,-0.00014191808078354976,1.4397677196563938e-05,6.6362366098575584e-06,0},
{0,-0.16926570785448344,0.0093452394455782965,-0.35252108026978168,0.83785191931478809,0.27364083025724495,0.26405362536592786,0.015437426599048875,-0.012259325828756384,0.0015480854526898321,-0.00043282070005240005,-0.00016037299893120846,-4.6002824586590911e-06,2.1558305687660749e-06,0},
{0,0.028840086726017958,0.12130880781833744,-0.11121233324326389,-0.31516828722391621,-0.065263695783018605,0.93064644567965304,0.0084453492048751962,-0.047708706220044431,0.0062786865669273136,-0.0020294861397368294,-0.0002184395887462016,1.8851584341971189e-05,4.6457994135873401e-07,0},
{0,0.018216231017084295,-0.017224469039839853,0.060540611034957031,-0.27678273158435923,0.95614521337160496,-0.017357215233604582,-0.035184782595441708,0.0090818542763145584,0.056952913908463458,0.004199789532164269,-0.00094288929816885563,0.00029408452867825949,-3.6984349469839071e-05,0},
{0,-0.0061646232889048993,-0.0075441210262966341,-0.0018508712813168368,0.021384070081742052,-0.030668009731517249,0.021765409864202688,-0.99040217171872857,0.1299343419492783,-0.0065722570048636448,0.013439356697367367,-0.0051678527354864492,-0.00045250947606696745,-4.7876633920978577e-05,0},
{0,-0.00045012079393966638,0.0036242822151534839,-0.0059536446496634343,0.0071707414857043131,-0.036812824802471528,0.034114308238566565,0.1021667405997668,0.7846367313096998,0.60219955325178531,0.092247955235638016,0.011005206245235044,0.0033340735116800355,-0.0013287804391634555,0},
{0,0.00066658093304056587,9.4019021548633966e-05,0.0012059404428809706,-0.014402339814958441,0.040495191199084159,0.032845622093455568,0.08285485521035614,0.58249143295314987,-0.79383989510271313,0.14276880367798775,-0.016265877909700178,0.0090242422965837212,-0.00021715329962976196,0},
{0,-7.8062018272393268e-05,-0.00030327559121548443,0.00026607818191620974,0.0021079147914142638,-0.005794548573430776,-0.005865457551940052,-0.0084304265337949713,-0.15820738837389944,0.055504605895209697,0.97733254741289199,0.12846565310758148,-0.007880751792056901,-0.0012481303836096556,0},
{0,-3.8105726983084038e-05,4.9765422757252974e-05,-0.0001457825001840027,0.0006434980868241741,-0.0026546854529036898,-0.0013392921923592374,0.0036913944122572489,-0.022825454546626437,0.027306939268068823,0.12522644005561703,-0.98639131405820957,0.10030403866973152,0.00019250584488559081,0},
{0,1.2730244487388659e-05,1.5031665341301192e-05,4.5848728389306485e-06,-0.00015547112544859006,0.00031692309099900172,0.00032742755148388859,0.0019701596131728658,0.0067803396084953685,-0.0028659569810551904,0.0064462339372166957,-0.1005509599703613,-0.99455401731722948,-0.02553344243049209,0},
{0,6.4736910982631675e-07,-6.0750362662265393e-06,9.7646611385528281e-06,7.954050704145315e-06,5.6187602225600813e-06,-5.1552530409228268e-05,-0.00014404662910743151,-0.0011561896025473932,-0.00062061758290682801,-0.0015152073877086813,0.0022070970855068354,0.025425486943427611,-0.99967226224774763,0},
{0,0,0,0,0,0,0,0,0,0,0,0,0,0,1}
}
r={[0, 0],[-2.2920000000000002e-06, 2.2920000000000002e-06],[-9.5500000000000002e-08, 9.5500000000000002e-08],[-6.3666666666666668e-08, 6.3666666666666668e-08],[-4.7750000000000001e-08, 4.7750000000000001e-08],[-3.8200000000000005e-08, 3.8200000000000005e-08],[-3.1833333333333334e-08, 3.1833333333333334e-08],[-2.7285714285714287e-08, 2.7285714285714287e-08],[-2.3875e-08, 2.3875e-08],[-2.1222222222222225e-08, 2.1222222222222225e-08],[-1.9100000000000002e-08, 1.9100000000000002e-08],[-1.7363636363636365e-08, 1.7363636363636365e-08],[-1.5916666666666667e-08, 1.5916666666666667e-08],[-1.4692307692307694e-08, 1.4692307692307694e-08],[-2.3875000000000004e-07, 2.3875000000000004e-07]}
iterations=5
