S=8.3637733062744146e-05
a={0,0.67933709979592116,-0.57973548026765143,-0.091772465305909642,0.076657180708792627,-0.011132393005407066,-0.0060099749160843954,0.0017781696758307063,0.00011349758885715169,-0.00015550543416356589,1.6838765341207304e-05,7.4091205449711452e-06,-2.3281808035383732e-06,-1.0244226540600127e-07,0}
E={
{-0.45141932653423095,0.36768693136003228,0.55903246933686401,-0.57462388050052815,-0.0047274359309035889,0.13262849042831271,-0.024624067305628917,-0.0087869559824286479,0.0043398864150302006,1.4733412721364486e-05,-0.00036326349687675275,6.5243466550369625e-05,1.6656881286037139e-05,-7.6229954078396194e-06,0.001347045052852096},
{0.63153232421685268,0.77534954921587484,3.4630929238852491e-16,-3.5814553802697538e-16,-2.5738830875735218e-18,7.4962586247216077e-17,-1.3557501974285293e-17,-5.1181811626011556e-18,2.754010957882191e-18,9.4250449003084476e-21,-2.1660732469450467e-19,4.0285584201565774e-20,9.3661402086159221e-21,-3.9705023475282626e-21,8.2299313955655664e-19},
{0.53700776421991425,-0.43739983057096549,0.72132104460082103,-6.8141526923227978e-17,-9.4751031000229404e-19,2.6292902343789122e-17,-7.1242669305637889e-18,-1.4605633575560225e-18,1.3785394633245538e-18,2.7487874718036051e-21,-9.6878010232719819e-20,1.6347673038485353e-20,5.3722915700602552e-21,-2.0206485488981842e-21,2.7455043236015741e-19},
{-0.32435767489149342,0.26419355825892982,0.40168079053036593,0.81464495642725865,2.3852719301363125e-18,-4.9007010521790594e-17,9.7043136360821273e-18,4.3962935563115334e-18,-1.5473596656217342e-18,-6.8763818385188756e-21,1.3799377238299905e-19,-3.0936539642587262e-20,-6.042420331336311e-21,3.2281746403272062e-21,-6.0546540787918956e-19},
{-0.0021738500786305194,0.0017706292523738685,0.0026920707776404945,-0.0027671526104107226,0.99998861736984046,-5.4693623999225265e-19,3.5679067732155049e-20,2.7751283800992152e-20,-2.0137720821930284e-21,-4.0790089119237375e-23,5.561574757548852e-22,-1.6362521744173765e-22,-4.0931795635938276e-23,1.7105204636292552e-23,-1.7933053562593302e-21},
{0.060447646640651588,-0.049235396880047778,-0.074857665989989899,0.076945445704443088,0.00063303088696161681,0.99115956596778254,-1.7352496870394255e-18,-6.5092191284158603e-19,2.7126336120455015e-19,1.2712805795364607e-21,-3.7287479414397078e-20,5.0854363430728498e-21,1.4831345015775057e-21,-9.532904695795571e-22,1.0848718265781599e-19},
{-0.011120241485439246,0.0090575817813454505,0.013771178351966147,-0.014155256407661822,-0.00011645542418885296,0.0032671637094834637,0.9996967519622344,1.6263660475908665e-19,-4.7440493929282098e-20,-3.9707078275977842e-22,3.3887259396959957e-21,-6.3538146360095508e-22,-2.1178549163691832e-22,1.3236137115262266e-22,-2.0331013284042554e-20},
{-0.0039668373501077145,0.0032310407790103021,0.0049124854629374387,-0.0050494946437798973,-4.154223870946199e-05,0.0011654699269494819,-0.00021638344695932736,0.99996139315457411,-1.6940818483038202e-20,-1.0588020163898891e-22,1.4823344636952972e-21,-3.7058174723497341e-22,-6.6175683048109182e-23,3.3087789265507359e-23,-2.5412009456530375e-21},
{0.0019591308753841158,-0.0015957376597788521,-0.0024261650014601763,0.002493830724228532,2.0516768222441537e-05,-0.00057559912764167131,0.00010686687011468929,3.8134824439138714e-05,0.99999058263023288,5.95570041102834e-23,-9.5291212885325677e-22,1.058791412739797e-22,3.9704675303654863e-23,-2.3161059855314375e-23,3.8116521987322827e-21},
{6.6509602255266313e-06,-5.4172938821574264e-06,-8.2364721663184614e-06,8.466187310119465e-06,6.9651400587034902e-08,-1.9540741008647475e-06,3.6279725437942628e-07,1.2946210165894308e-07,-6.3941462478524274e-08,0.99999999989146293,-1.2407710006960462e-24,1.0339760619624106e-25,7.754819005769135e-26,-2.5849397640200655e-26,6.6174515224522165e-24},
{-0.00016398447224216659,0.00013356749223018585,0.00020307647249898886,-0.00020874027371639247,-1.7173081448232931e-06,4.8179180041182593e-05,-8.9450416590946512e-06,-3.1919863743016894e-06,1.5765252870840699e-06,5.3521211153899735e-09,0.99999993401969367,-4.9630836858814404e-24,-1.6543612307292442e-24,8.2718061525534813e-25,-1.0587921494914176e-22},
{2.9452215245433451e-05,-2.3989213595460475e-05,-3.6473282485496286e-05,3.7490522046544348e-05,3.0843486845131911e-07,-8.6531582016246943e-06,1.6065624307036162e-06,5.7329251038837246e-07,-2.8314974863290337e-07,-9.612606666642781e-10,2.3700612871327011e-08,0.99999999787164107,0,-2.0679515314426369e-25,3.3087254523171015e-23},
{7.5192517776943256e-06,-6.1245286804401914e-06,-9.311754375078385e-06,9.5714591312066225e-06,7.8744481988161717e-08,-2.2091810292716452e-06,4.1016091021941386e-07,1.4636354827486156e-07,-7.2289103995047425e-08,-2.4541315199588244e-10,6.0508479236651677e-09,-1.0867546491822749e-09,0.99999999986127386,-9.0472879500617571e-26,6.6174509051390072e-24},
{-3.4411736973946792e-06,2.8028808752740906e-06,4.2615096793507325e-06,-4.3803631507197705e-06,-3.6037287783934455e-08,1.0110282080544979e-06,-1.8770949260317286e-07,-6.6983046647661396e-08,3.3082994243379953e-08,1.1231294131527408e-10,-2.7691609933344412e-09,4.973515483789476e-10,1.2697555995709053e-10,0.99999999997094491,-7.4446322672361335e-24},
{0.00060808272226229633,-0.00049529131124766807,-0.00075304260541356454,0.00077404495774327324,6.3680749609342704e-06,-0.00017865671398779092,3.3169758138924985e-05,1.1836436324551135e-05,-5.8460278292063936e-06,-1.9846588724069386e-08,4.8933274030434454e-07,-8.7885968583512567e-08,-2.2437589889154423e-08,1.026852756832643e-08,0.99999909273440113}
}
B={
{1,0,0,0,0,0,0,0,0,0,0,0,0,0,0},
{0,0.7215635596309774,-0.5810615529843508,-0.37644853706195658,-7.4956229309102914e-17,1.4308572482424045e-18,-4.8086608044385709e-17,8.7283934600955156e-18,-1.2846193255075082e-18,1.9030976599398271e-18,1.242134494529947e-18,1.2748156290150641e-19,5.3773067243646584e-19,-1.9148322785563737e-19,0},
{0,-0.66204861999689257,-0.69451566745429671,-0.19698258670234337,0.18666464285634038,-0.01899404020445148,0.068997850956644874,-0.011593696967513847,-0.020920287772052286,-0.00048314802047670142,-8.0303668137317103e-06,3.329148094840275e-05,-1.4472110226508705e-05,2.5915665504570462e-07,0},
{0,-0.10190265887462403,0.40599374447457875,-0.82198911796763863,0.3232570987884531,-0.1294010579569731,-0.16173664583093159,-0.0087672458044151004,-0.040479980362969521,0.0012051472809976246,0.0017521891730090525,0.00049096285626821937,-0.00017938559104973994,1.6306753306307039e-06,0},
{0,0.16986567877189906,-0.020369593422577308,0.35703385241060387,0.9088188584262431,-0.11372586387124449,-0.057271499755165593,-0.016307350332431834,-0.028624450800523244,-0.0021718873122714539,-0.0014137971035237656,-0.0004752410232076353,0.00011904461069853289,-6.5164945687182068e-06,0},
{0,-0.038147055063417784,-0.11983904183608467,0.11185681645909315,-0.11759316220079823,-0.14729843913629651,-0.96496343483828273,0.069111767353539064,-0.0042009030457721298,0.010379498035468776,0.0090169449874270384,0.0028134789041806244,-0.0010033494237269278,2.6211654427301484e-05,0},
{0,-0.017210745601911291,0.018512353994912242,-0.061563432290039202,0.14204418568635008,0.87284422529484662,-0.15575339078243883,0.080368006909687706,0.42689525373615544,-0.019165641668088415,-0.014099054084950692,-0.0035104735951031469,0.0011458411153919682,3.394249418062663e-06,0},
{0,0.0068717273231390071,0.0071806730601110197,0.0020878683563253378,0.015488267490623773,0.42999299297985266,-0.079900057462509666,-0.21154813514440174,-0.87381863759854272,-0.007828772452338555,-0.0019391431152641974,-0.0014588390051409931,0.00041465776169291032,-5.8953370710549961e-05,0},
{0,0.00017738488155597966,-0.0037222081863159634,0.0060853644264661985,-0.021507401107852292,-0.034868983019225065,-0.062404959098794795,-0.92958513372512741,0.2158534990756858,-0.26340431882193915,-0.11813860489703835,-0.017377282160550497,0.0035881548004192245,0.001274756478688793,0},
{0,-0.00069369648072236246,-4.5120972337952072e-05,-0.0012600076583551428,-0.001210851360682393,-0.017002475573336027,0.0069577703717200986,0.2504676617997329,-0.062177097914489318,-0.60660970047044138,-0.68399218965664454,-0.29508192352091317,0.10077843864714579,-0.0029406821019132825,0},
{0,0.00010537568458488697,0.00030503435919195649,-0.00026885078419466819,0.0008993092846492839,-0.0028082331029299257,0.0077186026952293834,0.12799901522386931,-0.028273436949459239,-0.74063634810804335,0.53035654082929207,0.38528585096817586,-0.066950130083806597,-0.00080576819692146947,0},
{0,3.5442439913983547e-05,-5.4632140875357191e-05,0.00015226147556206957,-8.5288973931181878e-05,0.00059823500436020959,-0.000535037301834698,-0.015874989710730949,0.0054139462533760244,-0.090643228484939359,0.45685133971080766,-0.7044178644144844,0.53530779109656845,-0.0054492805331361246,0},
{0,-1.4543361080776332e-05,-1.4485341973370804e-05,-5.5175777919027744e-06,-3.7883033447246366e-05,-8.6065307886828229e-06,-0.00054877091876014865,-0.005844287850886456,0.00071367546973166013,0.073030508020337725,-0.16670336595242446,0.51652808134401751,0.83340837727238881,-0.073964737612181225,0},
{0,-1.5604596815919903e-07,6.3934167760775598e-06,-1.0167567112645996e-05,3.0257402103403852e-05,2.0590652812011003e-05,8.394171938174554e-05,0.0014953812416946997,-0.00045271443063013008,0.0028701264444651571,-0.011305633692855515,0.033924617756375737,0.064977064038094196,0.99724049097230194,0},
{0,0,0,0,0,0,0,0,0,0,0,0,0,0,1}
}
r={[0, 0],[-1.7190000000000002e-06, 1.7190000000000002e-06],[-9.5500000000000002e-08, 9.5500000000000002e-08],[-6.3666666666666668e-08, 6.3666666666666668e-08],[-4.7750000000000001e-08, 4.7750000000000001e-08],[-3.8200000000000005e-08, 3.8200000000000005e-08],[-3.1833333333333334e-08, 3.1833333333333334e-08],[-2.7285714285714287e-08, 2.7285714285714287e-08],[-2.3875e-08, 2.3875e-08],[-2.1222222222222225e-08, 2.1222222222222225e-08],[-1.9100000000000002e-08, 1.9100000000000002e-08],[-1.7363636363636365e-08, 1.7363636363636365e-08],[-1.5916666666666667e-08, 1.5916666666666667e-08],[-1.4692307692307694e-08, 1.4692307692307694e-08],[-2.3875000000000004e-07, 2.3875000000000004e-07]}
iterations=5
