S=8.3637733062744146e-05
a={0,0.67733361996734864,-0.56954518493418149,-0.091436748573611351,0.075073419052116966,-0.010576240246908833,-0.0058760914907688248,0.0017019667554875131,0.00011760690687385203,-0.00014890468556265189,1.5380063858204042e-05,7.1600848582954267e-06,-2.1700955837538398e-06,-1.1062454693206541e-07,0}
E={
{-0.44688481617536879,0.37321365999209111,0.55728706770792091,-0.57657383292428488,-0.0028349732991141173,0.13153286848863757,-0.024408239822866305,-0.0086445975373621517,0.0042478543125416832,1.8496941171605827e-05,-0.00035321244696959355,6.2484077872403235e-05,1.6218200870860506e-05,-7.2796513514872762e-06,0.0012911342750341194},
{0.64100471050413865,0.76753694446033371,1.1526194396266198e-16,-2.2889420748350501e-17,-3.3196025084333313e-19,2.087112500851928e-17,-3.2597766605065441e-18,-1.344402226574151e-18,8.8308290679350962e-19,3.6023816762577299e-21,-3.5129578861979184e-20,1.1792029037114387e-20,2.9959446248158229e-21,-1.4313901972355368e-21,1.8495806165657706e-19},
{0.53072249662509829,-0.44323028717060808,0.7224130010670371,-3.7539464529488796e-16,-1.8174835830770644e-18,9.1989366786164359e-17,-1.7728979486280053e-17,-5.4492058319350673e-18,2.707633232194074e-18,1.1436305766266975e-20,-2.4352985344907287e-19,3.8028233108369292e-20,1.0490869258498864e-20,-4.631941702892199e-21,7.8361189928178307e-19},
{-0.32261448603910642,0.2694299039551003,0.40231593112413544,0.81330763663953665,1.0842066092412577e-18,-4.1998919314668894e-17,1.3149308884991804e-17,3.5201372619216614e-18,-1.1091842842288879e-18,-6.8850887770626893e-21,1.6470843178999866e-19,-2.7472677779682306e-20,-3.9070676452129949e-21,2.7956867270458151e-21,-5.496978946414266e-19},
{-0.0012901225949627604,0.0010774395505879005,0.0016088455277665759,-0.0016645249572050747,0.99999590783184678,-3.5545611914194068e-19,4.1811674317774911e-20,1.7354324193966652e-20,-1.0368068398018947e-20,-5.3826836425528686e-23,6.5221794943697359e-22,-1.6181598209242957e-22,-3.3865196957181653e-23,1.5238449332044876e-23,-3.450069159184871e-21},
{0.059336532285069729,-0.049554613591210973,-0.073995537302225939,0.0765563980106512,0.00037642246637483134,0.99130578173302553,-1.9521455593627992e-18,-9.762303581594481e-19,5.4234423371771309e-19,2.3304206687431134e-21,-3.7290076609629826e-20,9.3210117997378696e-21,1.9067713596337496e-21,-6.3569988053269452e-22,1.7625840894469523e-19},
{-0.010911954655703082,0.0091130653522238682,0.013607737369739128,-0.014078678202541035,-6.9223878212775326e-05,0.0032117463935479296,0.99970204635300308,2.1684853725363162e-19,-1.0842915849634133e-19,-4.5002944669316022e-22,8.4711548127767683e-21,-1.6942119958339232e-21,-3.4414505739664254e-22,1.1913103004033869e-22,-3.3884365159366184e-20},
{-0.0038633603881966941,0.0032264664588235476,0.0048177980193271535,-0.0049845338806863591,-2.4508605235526139e-05,0.0011371137605746566,-0.00021101148095455081,0.9999626340272505,-2.7105298861295449e-20,-1.058812481547021e-22,1.9058649196268067e-21,-4.2352371102788993e-22,-6.6176327748000184e-23,1.3235733092203692e-23,-5.9293851408730069e-21},
{0.0018983221306415699,-0.0015853744065063501,-0.0023672998845750502,0.0024492281397170738,1.2042683838634518e-05,-0.0005587385073758304,0.00010368376849834853,3.6721388200453875e-05,0.99999097780996282,5.9557004114007366e-23,-9.5291212549250902e-22,2.9116759728685216e-22,5.2939564982021685e-23,-2.3161059749000785e-23,4.2351687271542583e-21},
{8.2660170025184102e-06,-6.9033235129119303e-06,-1.0308124622317842e-05,1.0664871424696295e-05,5.2438428525544127e-08,-2.4329601005965504e-06,4.5147858704195606e-07,1.5989889930769771e-07,-7.8572452454754118e-08,0.99999999982893106,-2.4815419924566427e-24,6.2038551539397465e-25,5.1698803135513004e-26,-2.5849400811972409e-26,8.2718142032761819e-24},
{-0.00015784555308025357,0.00013182393862189203,0.00019684107009872024,-0.00020365340744497574,-1.0013495920407674e-06,4.645912687862229e-05,-8.6213090601939216e-06,-3.0533847426708232e-06,1.5003976172337868e-06,6.5333611790902446e-09,0.99999993762037731,-1.8197973511690989e-23,-3.3087224690886692e-24,1.0339757743868395e-24,-2.6469801819366761e-22},
{2.7923232266032667e-05,-2.3319950321887218e-05,-3.4821626663542582e-05,3.6026744414926718e-05,1.7714098808875036e-07,-8.2187237169061684e-06,1.5251289037116531e-06,5.4015060737130029e-07,-2.6542370272616938e-07,-1.1557662418836948e-09,2.2070190883628688e-08,0.99999999804786666,2.0679515316545786e-25,-2.0679515316814974e-25,3.9704702503253514e-23},
{7.247679798290068e-06,-6.0528641969099542e-06,-9.0382086754318965e-06,9.3510058293592536e-06,4.5978243084047821e-08,-2.1332300388164026e-06,3.9585839633134018e-07,1.4020005305192784e-07,-6.8892669369652666e-08,-2.9998760756059983e-10,5.7284799656328633e-09,-1.013381015686344e-09,0.99999999986848476,-6.462348535741857e-26,9.926175624851918e-24},
{-3.2531710792427214e-06,2.7168698535242757e-06,4.05686231861577e-06,-4.197263479145238e-06,-2.0637651612410506e-08,9.575150200877577e-07,-1.7768377222243542e-07,-6.2929761053245274e-08,3.0922949937449107e-08,1.3465150726962355e-10,-2.5712677533870718e-09,4.5486306021165758e-10,1.1806304470574794e-10,0.9999999999735032,-4.1359065101022502e-24},
{0.00057698878408468906,-0.0004818693499716677,-0.00071953303389196233,0.00074443485827337032,3.6603342462333862e-06,-0.00016982673635223267,3.1514341296206591e-05,1.1161345477503832e-05,-5.4845548697284624e-06,-2.388205463598186e-08,4.5604507677116383e-07,-8.067540182905434e-08,-2.0939892477454056e-08,9.3990152044163704e-09,0.99999916648579457}
}
B={
{1,0,0,0,0,0,0,0,0,0,0,0,0,0,0},
{0,-0.75998795376379735,0.52805632414982118,0.37891269266058575,3.5900167935335549e-17,1.4209794119678064e-16,1.1485291256754027e-17,-5.8358647521561301e-19,-5.2115749458600939e-18,1.7691744214966556e-18,3.2370212594058093e-19,1.3312535602396944e-19,-3.8671662856397948e-21,7.8305544624032219e-21,0},
{0,0.61296441698338666,0.73732475319971125,0.2018844329990073,0.19330800692231159,0.044150089886423549,-0.022273021360665751,-0.0072969163481932438,0.0014184862086437167,-0.00095866938129641468,0.00016099932979459633,-4.5019583776714527e-05,-9.8019231225633908e-10,4.8560229268615122e-07,0},
{0,0.12976831234340269,-0.40291280870345675,0.8217803650008505,0.28978516003642779,0.026872858380450459,0.24621708821190016,0.010541138357004522,-0.0075633595633213284,0.0030534305182392152,-0.0006144388785544419,-0.00014191808078354976,1.4397677196563938e-05,6.6362366098575584e-06,0},
{0,-0.16926570785448344,0.0093452394455782965,-0.35252108026978168,0.83785191931478809,0.27364083025724495,0.26405362536592786,0.015437426599048875,-0.012259325828756384,0.0015480854526898321,-0.00043282070005240005,-0.00016037299893120846,-4.6002824586590911e-06,2.1558305687660749e-06,0},
{0,0.028840086726017958,0.12130880781833744,-0.11121233324326389,-0.31516828722391621,-0.065263695783018605,0.93064644567965304,0.0084453492048751962,-0.047708706220044431,0.0062786865669273136,-0.0020294861397368294,-0.0002184395887462016,1.8851584341971189e-05,4.6457994135873401e-07,0},
{0,0.018216231017084295,-0.017224469039839853,0.060540611034957031,-0.27678273158435923,0.95614521337160496,-0.017357215233604582,-0.035184782595441708,0.0090818542763145584,0.056952913908463458,0.004199789532164269,-0.00094288929816885563,0.00029408452867825949,-3.6984349469839071e-05,0},
{0,-0.0061646232889048993,-0.0075441210262966341,-0.0018508712813168368,0.021384070081742052,-0.030668009731517249,0.021765409864202688,-0.99040217171872857,0.1299343419492783,-0.0065722570048636448,0.013439356697367367,-0.0051678527354864492,-0.00045250947606696745,-4.7876633920978577e-05,0},
{0,-0.00045012079393966638,0.0036242822151534839,-0.0059536446496634343,0.0071707414857043131,-0.036812824802471528,0.034114308238566565,0.1021667405997668,0.7846367313096998,0.60219955325178531,0.092247955235638016,0.011005206245235044,0.0033340735116800355,-0.0013287804391634555,0},
{0,0.00066658093304056587,9.4019021548633966e-05,0.0012059404428809706,-0.014402339814958441,0.040495191199084159,0.032845622093455568,0.08285485521035614,0.58249143295314987,-0.79383989510271313,0.14276880367798775,-0.016265877909700178,0.0090242422965837212,-0.00021715329962976196,0},
{0,-7.8062018272393268e-05,-0.00030327559121548443,0.00026607818191620974,0.0021079147914142638,-0.005794548573430776,-0.005865457551940052,-0.0084304265337949713,-0.15820738837389944,0.055504605895209697,0.97733254741289199,0.12846565310758148,-0.007880751792056901,-0.0012481303836096556,0},
{0,-3.8105726983084038e-05,4.9765422757252974e-05,-0.0001457825001840027,0.0006434980868241741,-0.0026546854529036898,-0.0013392921923592374,0.0036913944122572489,-0.022825454546626437,0.027306939268068823,0.12522644005561703,-0.98639131405820957,0.10030403866973152,0.00019250584488559081,0},
{0,1.2730244487388659e-05,1.5031665341301192e-05,4.5848728389306485e-06,-0.00015547112544859006,0.00031692309099900172,0.00032742755148388859,0.0019701596131728658,0.0067803396084953685,-0.0028659569810551904,0.0064462339372166957,-0.1005509599703613,-0.99455401731722948,-0.02553344243049209,0},
{0,6.4736910982631675e-07,-6.0750362662265393e-06,9.7646611385528281e-06,7.954050704145315e-06,5.6187602225600813e-06,-5.1552530409228268e-05,-0.00014404662910743151,-0.0011561896025473932,-0.00062061758290682801,-0.0015152073877086813,0.0022070970855068354,0.025425486943427611,-0.99967226224774763,0},
{0,0,0,0,0,0,0,0,0,0,0,0,0,0,1}
}
r={[0, 0],[-2.2920000000000002e-06, 2.2920000000000002e-06],[-9.5500000000000002e-08, 9.5500000000000002e-08],[-6.3666666666666668e-08, 6.3666666666666668e-08],[-4.7750000000000001e-08, 4.7750000000000001e-08],[-3.8200000000000005e-08, 3.8200000000000005e-08],[-3.1833333333333334e-08, 3.1833333333333334e-08],[-2.7285714285714287e-08, 2.7285714285714287e-08],[-2.3875e-08, 2.3875e-08],[-2.1222222222222225e-08, 2.1222222222222225e-08],[-1.9100000000000002e-08, 1.9100000000000002e-08],[-1.7363636363636365e-08, 1.7363636363636365e-08],[-1.5916666666666667e-08, 1.5916666666666667e-08],[-1.4692307692307694e-08, 1.4692307692307694e-08],[-2.3875000000000004e-07, 2.3875000000000004e-07]}
iterations=4
