S=8.3637733062744146e-05
a={0,0.67882810852589348,-0.57882854074646939,-0.091646309719250099,0.076478005889627138,-0.011091461085948988,-0.0059918878649892265,0.0017709063240762722,0.00011332243658029473,-0.00015477503604181339,1.6726956634905608e-05,7.3720083022070425e-06,-2.3128485875048387e-06,-1.022970081820704e-07,0}
E={
{-0.45098308644282148,0.36822371100317197,0.55895903010407744,-0.57472896016537733,-0.0044581043015737174,0.13249155329690068,-0.024608875766714815,-0.0087642032478511996,0.0043303309695479231,1.419636527722669e-05,-0.00036201776201516301,6.5018689074727284e-05,1.6581056271561039e-05,-7.5871362521892267e-06,0.0013406756514072577},
{0.63245302044979357,0.77459871993434981,3.8476348573209026e-16,-4.2826539885376084e-16,-3.2870068017473684e-18,1.0074750901873352e-16,-1.645869731321227e-17,-6.7653371975049241e-18,3.3581376066475911e-18,1.0979093873983416e-20,-2.6684285235084975e-19,4.6133475387699952e-20,1.2535449289185835e-20,-5.5100645169432012e-21,9.6214384246546693e-19},
{0.53645050691859875,-0.43800710573243146,0.72136719426009188,-2.385149877694736e-16,-1.4898714495051407e-18,3.6002423708810763e-17,-1.1302045967608733e-17,-2.9806226450616966e-18,5.0720167178793276e-19,3.2887736259664659e-21,-1.0567631466914047e-19,1.6019637345696473e-20,6.168892049520545e-21,-2.1374154587959041e-21,4.0743761539244009e-19},
{-0.32411696001605045,0.26463863813063077,0.40171817315774933,0.81457786416837985,1.3010557765285182e-18,-4.200470886311598e-17,7.0781903638029666e-18,9.1775255026417917e-19,-1.3259690099727351e-18,-3.8934058697347884e-21,6.9847519378716466e-20,-2.5785436085162917e-20,-3.4836233908224787e-21,1.5260025699014745e-21,-3.8719215754257457e-19},
{-0.0020479394334844874,0.0016721244782269707,0.0025382642362077076,-0.0026098763711340208,0.99998987780067083,-2.7346306047398348e-19,6.8675410460468417e-20,2.7438480136133453e-20,-1.0329748379854549e-20,-4.6864512731946561e-23,1.0726228126707739e-21,-1.6130286232842006e-22,-4.69556308067389e-23,1.6833495839271819e-23,-3.0158415054484631e-21},
{0.060325689034628413,-0.049255392836047254,-0.074769075929483328,0.07687853840285358,0.00059633769395201711,0.99117790407076312,-8.6762451870086093e-19,-5.4230905266944545e-19,2.1695550963752354e-19,6.3565863292152935e-22,-1.0174186340543506e-20,3.3898903827287667e-21,8.4748142549994847e-22,-7.4135904296284666e-22,8.1351498128466015e-20},
{-0.011102631580232948,0.009065200725421713,0.013760862361025007,-0.014149098037217827,-0.00010975287343264972,0.0032617739954529084,0.99969712622590101,1.2197742921141646e-19,-9.4873208946130558e-20,-2.1177924561336004e-22,8.4708657679910232e-21,-1.3765249609901631e-21,-1.5884326782186482e-22,1.3236014997651356e-22,-2.7107066937585022e-20},
{-0.0039527410037802748,0.003227378154082753,0.0048991200427330531,-0.0050373390825460915,-3.9074041137447079e-05,0.0011612515216523481,-0.00021568993433273962,0.99996159283872343,-1.6940817781264767e-20,-1.323593124029479e-23,1.4823343123348258e-21,-1.0588392327117217e-22,-2.647100499819257e-23,2.647034031931671e-23,-5.0823013319894132e-21},
{0.0019529281119355691,-0.0015945485724784649,-0.0024205049726380222,0.0024887947614699929,1.9305285449076474e-05,-0.00057373876494663735,0.00010656578202748322,3.7952329956426607e-05,0.99999062405476702,3.9704669406546147e-23,-6.3527475227341624e-22,5.2939574305007688e-23,2.646978348508184e-23,-3.3087242289280326e-24,2.5411014397882774e-21},
{6.4023330055274405e-06,-5.2274484104678351e-06,-7.9352019061288293e-06,8.1590780264567295e-06,6.3288999454900938e-08,-1.8809021227759327e-06,3.4935726479875067e-07,1.2442007119036972e-07,-6.1475079054232696e-08,0.99999999989923127,-1.2407710001355705e-24,1.0339760599288054e-25,1.0339758414272689e-25,-1.292470054352786e-26,6.6174514612181767e-24},
{-0.00016326419255652898,0.00013330377272302354,0.00020235347503147003,-0.00020806248048096262,-1.6139159560732281e-06,4.7964385183924948e-05,-8.9088667680800566e-06,-3.1728031708416431e-06,1.5676596539844059e-06,5.1393459841377447e-09,0.99999993447144975,-8.2718061430148618e-24,-1.6543612342510252e-24,1.654361229442407e-24,-3.7057724823839272e-22},
{2.9322381851493047e-05,-2.3941466066882682e-05,-3.6342848795793985e-05,3.7368190820649292e-05,2.8986061915451024e-07,-8.6144426136072468e-06,1.600039721797978e-06,5.6983803158695808e-07,-2.8155294965486259e-07,-9.2303072127494368e-10,2.3537962672969129e-08,0.99999999788628113,0,0,3.9704705085401957e-23},
{7.4777893759514923e-06,-6.1055490480396499e-06,-9.2681477921331273e-06,9.5296303599208179e-06,7.3920211168314487e-08,-2.196853849800612e-06,4.0804188736639327e-07,1.4532000845617177e-07,-7.1801590551544304e-08,-2.353911546539378e-10,6.002647673674883e-09,-1.0780804802153748e-09,0.99999999986253396,-1.2924697071511338e-26,1.6543627119048636e-23},
{-3.4216762745322703e-06,2.793768488299005e-06,4.2409059435650908e-06,-4.3605547666892466e-06,-3.3824305559669966e-08,1.0052332739742571e-06,-1.8671122905749169e-07,-6.6495323704680042e-08,3.2854870137692058e-08,1.0770995124634011e-10,-2.7466830231195467e-09,4.9330653963758221e-10,1.2580295926081951e-10,0.99999999997121758,-4.9630881356752446e-24},
{0.00060462258656833533,-0.00049366900727607717,-0.00074938343527014692,0.00077052581552851135,5.9768772600093322e-06,-0.00017762835915795488,3.2992550199543679e-05,1.174996445814214e-05,-5.8055745109123646e-06,-1.9032738370497546e-08,4.8534883509658934e-07,-8.7169051668256219e-08,-2.2229838395984769e-08,1.0171897978765215e-08,0.99999910129399494}
}
B={
{1,0,0,0,0,0,0,0,0,0,0,0,0,0,0},
{0,0.7215635596309774,-0.5810615529843508,-0.37644853706195658,-7.4956229309102914e-17,1.4308572482424045e-18,-4.8086608044385709e-17,8.7283934600955156e-18,-1.2846193255075082e-18,1.9030976599398271e-18,1.242134494529947e-18,1.2748156290150641e-19,5.3773067243646584e-19,-1.9148322785563737e-19,0},
{0,-0.66204861999689257,-0.69451566745429671,-0.19698258670234337,0.18666464285634038,-0.01899404020445148,0.068997850956644874,-0.011593696967513847,-0.020920287772052286,-0.00048314802047670142,-8.0303668137317103e-06,3.329148094840275e-05,-1.4472110226508705e-05,2.5915665504570462e-07,0},
{0,-0.10190265887462403,0.40599374447457875,-0.82198911796763863,0.3232570987884531,-0.1294010579569731,-0.16173664583093159,-0.0087672458044151004,-0.040479980362969521,0.0012051472809976246,0.0017521891730090525,0.00049096285626821937,-0.00017938559104973994,1.6306753306307039e-06,0},
{0,0.16986567877189906,-0.020369593422577308,0.35703385241060387,0.9088188584262431,-0.11372586387124449,-0.057271499755165593,-0.016307350332431834,-0.028624450800523244,-0.0021718873122714539,-0.0014137971035237656,-0.0004752410232076353,0.00011904461069853289,-6.5164945687182068e-06,0},
{0,-0.038147055063417784,-0.11983904183608467,0.11185681645909315,-0.11759316220079823,-0.14729843913629651,-0.96496343483828273,0.069111767353539064,-0.0042009030457721298,0.010379498035468776,0.0090169449874270384,0.0028134789041806244,-0.0010033494237269278,2.6211654427301484e-05,0},
{0,-0.017210745601911291,0.018512353994912242,-0.061563432290039202,0.14204418568635008,0.87284422529484662,-0.15575339078243883,0.080368006909687706,0.42689525373615544,-0.019165641668088415,-0.014099054084950692,-0.0035104735951031469,0.0011458411153919682,3.394249418062663e-06,0},
{0,0.0068717273231390071,0.0071806730601110197,0.0020878683563253378,0.015488267490623773,0.42999299297985266,-0.079900057462509666,-0.21154813514440174,-0.87381863759854272,-0.007828772452338555,-0.0019391431152641974,-0.0014588390051409931,0.00041465776169291032,-5.8953370710549961e-05,0},
{0,0.00017738488155597966,-0.0037222081863159634,0.0060853644264661985,-0.021507401107852292,-0.034868983019225065,-0.062404959098794795,-0.92958513372512741,0.2158534990756858,-0.26340431882193915,-0.11813860489703835,-0.017377282160550497,0.0035881548004192245,0.001274756478688793,0},
{0,-0.00069369648072236246,-4.5120972337952072e-05,-0.0012600076583551428,-0.001210851360682393,-0.017002475573336027,0.0069577703717200986,0.2504676617997329,-0.062177097914489318,-0.60660970047044138,-0.68399218965664454,-0.29508192352091317,0.10077843864714579,-0.0029406821019132825,0},
{0,0.00010537568458488697,0.00030503435919195649,-0.00026885078419466819,0.0008993092846492839,-0.0028082331029299257,0.0077186026952293834,0.12799901522386931,-0.028273436949459239,-0.74063634810804335,0.53035654082929207,0.38528585096817586,-0.066950130083806597,-0.00080576819692146947,0},
{0,3.5442439913983547e-05,-5.4632140875357191e-05,0.00015226147556206957,-8.5288973931181878e-05,0.00059823500436020959,-0.000535037301834698,-0.015874989710730949,0.0054139462533760244,-0.090643228484939359,0.45685133971080766,-0.7044178644144844,0.53530779109656845,-0.0054492805331361246,0},
{0,-1.4543361080776332e-05,-1.4485341973370804e-05,-5.5175777919027744e-06,-3.7883033447246366e-05,-8.6065307886828229e-06,-0.00054877091876014865,-0.005844287850886456,0.00071367546973166013,0.073030508020337725,-0.16670336595242446,0.51652808134401751,0.83340837727238881,-0.073964737612181225,0},
{0,-1.5604596815919903e-07,6.3934167760775598e-06,-1.0167567112645996e-05,3.0257402103403852e-05,2.0590652812011003e-05,8.394171938174554e-05,0.0014953812416946997,-0.00045271443063013008,0.0028701264444651571,-0.011305633692855515,0.033924617756375737,0.064977064038094196,0.99724049097230194,0},
{0,0,0,0,0,0,0,0,0,0,0,0,0,0,1}
}
r={[0, 0],[-8.5950000000000009e-07, 8.5950000000000009e-07],[-9.5500000000000002e-08, 9.5500000000000002e-08],[-6.3666666666666668e-08, 6.3666666666666668e-08],[-4.7750000000000001e-08, 4.7750000000000001e-08],[-3.8200000000000005e-08, 3.8200000000000005e-08],[-3.1833333333333334e-08, 3.1833333333333334e-08],[-2.7285714285714287e-08, 2.7285714285714287e-08],[-2.3875e-08, 2.3875e-08],[-2.1222222222222225e-08, 2.1222222222222225e-08],[-1.9100000000000002e-08, 1.9100000000000002e-08],[-1.7363636363636365e-08, 1.7363636363636365e-08],[-1.5916666666666667e-08, 1.5916666666666667e-08],[-1.4692307692307694e-08, 1.4692307692307694e-08],[-2.3875000000000004e-07, 2.3875000000000004e-07]}
iterations=5
