S=8.3637733062744146e-05
a={0,0.67674921335788429,-0.56880518285036563,-0.091284538853487251,0.074909376740876304,-0.010548167504764965,-0.0058584286534017743,0.0016959984861156521,0.00011716888812889038,-0.00014825908143914756,1.5304626186416004e-05,7.1231549188915716e-06,-2.1577766843063147e-06,-1.0999438735261571e-07,0}
E={
{-0.44649900576459578,0.3736694919530848,0.55726195080171681,-0.57663351495844151,-0.0025663898402904731,0.13140291850669739,-0.024397948502666748,-0.0086214097976991758,0.0042395234139285774,1.7637572047488504e-05,-0.00035205060105500212,6.2317926889719104e-05,1.6140041433886647e-05,-7.2490977829936675e-06,0.0012854170911912864},
{0.6417916125023253,0.76687908181255349,-1.536797380225046e-16,1.7841321570832243e-16,4.9266254401704982e-19,-3.5724487950185364e-17,3.4158586348692963e-18,2.1003534815118602e-18,-1.1448471537322337e-18,-3.8332316992766223e-21,8.161134535510142e-20,-1.7129569566516084e-20,-3.9672439560569075e-21,1.824920230861234e-21,-3.0270843487176579e-19},
{0.53025686080402357,-0.44376540422968214,0.72242641672292773,6.8256536821718738e-17,2.1127874164916059e-19,-1.5765969862192502e-17,1.8791546680928358e-18,1.0081701261493356e-18,-7.1798937999615881e-19,-3.2728623157241933e-21,4.1711248402199055e-20,-5.9736346675957207e-21,-3.2107315750268996e-21,9.3603187916769517e-22,-1.0754070799403362e-19},
{-0.32237131385053469,0.26978856282221397,0.40234191995843865,0.81327230791461347,0,-3.1498332458070193e-17,9.6867213553416891e-19,-3.9780607513036041e-19,-1.1018451917807845e-18,-1.7675061959727205e-21,1.5018415834408314e-20,-8.7298126301886137e-21,-3.0318202019188169e-21,2.4194247139723198e-22,-1.1377260474534125e-19},
{-0.0011668463289713554,0.00097651925156564659,0.001456305732316053,-0.0015069298954852417,0.99999664660222731,2.7342302480958915e-20,-8.7718841232918879e-23,-1.7251257297333355e-21,-8.3173612230881514e-22,6.6810521907582424e-24,5.1669944132095593e-23,2.2473921223694858e-25,-9.8679609837411533e-24,3.2825797890432266e-24,-2.0712276958938564e-22},
{0.059225643759342979,-0.04956520827241423,-0.073917740807287566,0.076487272526272659,0.00034041753389430033,0.99132303620038231,2.1690500760885602e-19,4.5629114345140605e-23,1.6260934959134265e-19,8.4695176071340426e-22,-1.0162775494745156e-20,-2.8662876960774553e-25,6.3520047505935132e-22,-2.1172489496312013e-22,2.7099164496506262e-20},
{-0.010897929092029359,0.0091203419819176918,0.013601376816334691,-0.014074188468446151,-6.2639186517552184e-05,0.0032072180898129327,0.99970229773655583,0,2.7105297902998931e-20,2.0267995381854208e-27,8.4699254429011789e-22,-1.0587197600887379e-22,-1.8528660744278531e-22,5.2938728414963568e-23,-3.3879872721522292e-21},
{-0.0038496700236666775,0.0032217411984316008,0.0048046571204739038,-0.0049716768201437311,-2.2127157977184326e-05,0.0011329428954299796,-0.00021035668562988542,0.99996283422173216,3.388162237874096e-21,3.9704922758665624e-23,-5.0571783962694379e-27,-2.1175734203279423e-22,-2.6469547967737191e-23,6.6173408666524091e-24,-4.2351497878122524e-21},
{0.0018929633718393797,-0.0015841976181553826,-0.0023625505270297568,0.0024446776111452582,1.0880386972444615e-05,-0.00055709174818882991,0.00010343678769112656,3.6551062264326673e-05,0.99999101316422656,-2.6469779605813561e-23,1.643299725048409e-31,-7.9409338988372984e-23,1.3234889715165625e-23,9.9261673886064923e-24,-4.2351683029396843e-22},
{7.8751724057491483e-06,-6.590634321480883e-06,-9.8287653075790972e-06,1.0170433274436046e-05,4.5264966308359622e-08,-2.3176325691628251e-06,4.3032134075207631e-07,1.52061007215975e-07,-7.4775032803768651e-08,0.99999999984445753,8.2718066381323301e-25,-6.2038547876698127e-25,5.1698782967168514e-26,5.1698790671143962e-26,-4.9630881989995955e-24},
{-0.00015719051347604486,0.00013155079530323931,0.00019618474186114317,-0.00020300452438544092,-9.0350063844857033e-07,4.6260555937740587e-05,-8.5893271953179878e-06,-3.0351777170635649e-06,1.4925293309174699e-06,6.2093285109735617e-09,0.99999993803008247,6.6174449132737852e-24,6.6559311329999892e-33,4.1359030329799923e-25,-2.646980094345623e-23},
{2.7824938435375412e-05,-2.3286346608920094e-05,-3.4727466966880455e-05,3.5934664683110024e-05,1.5993235905412989e-07,-8.1887710173428176e-06,1.5204320866821324e-06,5.3726927439922987e-07,-2.6419874728699552e-07,-1.0991387439496509e-09,2.1939099917406983e-08,0.9999999980582347,1.0339757658259962e-25,7.7548182416795868e-26,1.9852351103692768e-23},
{7.2065243618664174e-06,-6.0310510488927872e-06,-8.9942458382786627e-06,9.3069042030690576e-06,4.142170680633184e-08,-2.1208520538971137e-06,3.9378455045592804e-07,1.3915014129619237e-07,-6.8426196633654273e-08,-2.8467161405374531e-10,5.6821206774426338e-09,-1.0058155841640197e-09,0.9999999998697493,-2.5849394142960963e-26,6.6174503676646219e-24},
{-3.236720300905614e-06,2.7087711614553794e-06,4.0396530469166004e-06,-4.1800796417283774e-06,-1.8604041641439981e-08,9.5255417915333214e-07,-1.7686340663581586e-07,-6.2497545916936855e-08,3.0732770561334505e-08,1.2785669568744669e-10,-2.5520534484269667e-09,4.5174949209326881e-10,1.1700093189918814e-10,0.99999999997372513,-3.3087251837115642e-24},
{0.00057393792736791028,-0.00048032154823037421,-0.00071631462761365952,0.00074121518783539224,3.2988840887384808e-06,-0.00016890769682383099,3.1361565904655574e-05,1.1082116659604918e-05,-5.4495603569176662e-06,-2.2671655287122277e-08,4.5253223341926753e-07,-8.0104594489975881e-08,-2.0746702251518468e-08,9.3181218841329837e-09,0.99999917385110948}
}
B={
{1,0,0,0,0,0,0,0,0,0,0,0,0,0,0},
{0,-0.75998795376379735,0.52805632414982118,0.37891269266058575,3.5900167935335549e-17,1.4209794119678064e-16,1.1485291256754027e-17,-5.8358647521561301e-19,-5.2115749458600939e-18,1.7691744214966556e-18,3.2370212594058093e-19,1.3312535602396944e-19,-3.8671662856397948e-21,7.8305544624032219e-21,0},
{0,0.61296441698338666,0.73732475319971125,0.2018844329990073,0.19330800692231159,0.044150089886423549,-0.022273021360665751,-0.0072969163481932438,0.0014184862086437167,-0.00095866938129641468,0.00016099932979459633,-4.5019583776714527e-05,-9.8019231225633908e-10,4.8560229268615122e-07,0},
{0,0.12976831234340269,-0.40291280870345675,0.8217803650008505,0.28978516003642779,0.026872858380450459,0.24621708821190016,0.010541138357004522,-0.0075633595633213284,0.0030534305182392152,-0.0006144388785544419,-0.00014191808078354976,1.4397677196563938e-05,6.6362366098575584e-06,0},
{0,-0.16926570785448344,0.0093452394455782965,-0.35252108026978168,0.83785191931478809,0.27364083025724495,0.26405362536592786,0.015437426599048875,-0.012259325828756384,0.0015480854526898321,-0.00043282070005240005,-0.00016037299893120846,-4.6002824586590911e-06,2.1558305687660749e-06,0},
{0,0.028840086726017958,0.12130880781833744,-0.11121233324326389,-0.31516828722391621,-0.065263695783018605,0.93064644567965304,0.0084453492048751962,-0.047708706220044431,0.0062786865669273136,-0.0020294861397368294,-0.0002184395887462016,1.8851584341971189e-05,4.6457994135873401e-07,0},
{0,0.018216231017084295,-0.017224469039839853,0.060540611034957031,-0.27678273158435923,0.95614521337160496,-0.017357215233604582,-0.035184782595441708,0.0090818542763145584,0.056952913908463458,0.004199789532164269,-0.00094288929816885563,0.00029408452867825949,-3.6984349469839071e-05,0},
{0,-0.0061646232889048993,-0.0075441210262966341,-0.0018508712813168368,0.021384070081742052,-0.030668009731517249,0.021765409864202688,-0.99040217171872857,0.1299343419492783,-0.0065722570048636448,0.013439356697367367,-0.0051678527354864492,-0.00045250947606696745,-4.7876633920978577e-05,0},
{0,-0.00045012079393966638,0.0036242822151534839,-0.0059536446496634343,0.0071707414857043131,-0.036812824802471528,0.034114308238566565,0.1021667405997668,0.7846367313096998,0.60219955325178531,0.092247955235638016,0.011005206245235044,0.0033340735116800355,-0.0013287804391634555,0},
{0,0.00066658093304056587,9.4019021548633966e-05,0.0012059404428809706,-0.014402339814958441,0.040495191199084159,0.032845622093455568,0.08285485521035614,0.58249143295314987,-0.79383989510271313,0.14276880367798775,-0.016265877909700178,0.0090242422965837212,-0.00021715329962976196,0},
{0,-7.8062018272393268e-05,-0.00030327559121548443,0.00026607818191620974,0.0021079147914142638,-0.005794548573430776,-0.005865457551940052,-0.0084304265337949713,-0.15820738837389944,0.055504605895209697,0.97733254741289199,0.12846565310758148,-0.007880751792056901,-0.0012481303836096556,0},
{0,-3.8105726983084038e-05,4.9765422757252974e-05,-0.0001457825001840027,0.0006434980868241741,-0.0026546854529036898,-0.0013392921923592374,0.0036913944122572489,-0.022825454546626437,0.027306939268068823,0.12522644005561703,-0.98639131405820957,0.10030403866973152,0.00019250584488559081,0},
{0,1.2730244487388659e-05,1.5031665341301192e-05,4.5848728389306485e-06,-0.00015547112544859006,0.00031692309099900172,0.00032742755148388859,0.0019701596131728658,0.0067803396084953685,-0.0028659569810551904,0.0064462339372166957,-0.1005509599703613,-0.99455401731722948,-0.02553344243049209,0},
{0,6.4736910982631675e-07,-6.0750362662265393e-06,9.7646611385528281e-06,7.954050704145315e-06,5.6187602225600813e-06,-5.1552530409228268e-05,-0.00014404662910743151,-0.0011561896025473932,-0.00062061758290682801,-0.0015152073877086813,0.0022070970855068354,0.025425486943427611,-0.99967226224774763,0},
{0,0,0,0,0,0,0,0,0,0,0,0,0,0,1}
}
r={[0, 0],[-2.2920000000000002e-06, 2.2920000000000002e-06],[-9.5500000000000002e-08, 9.5500000000000002e-08],[-6.3666666666666668e-08, 6.3666666666666668e-08],[-4.7750000000000001e-08, 4.7750000000000001e-08],[-3.8200000000000005e-08, 3.8200000000000005e-08],[-3.1833333333333334e-08, 3.1833333333333334e-08],[-2.7285714285714287e-08, 2.7285714285714287e-08],[-2.3875e-08, 2.3875e-08],[-2.1222222222222225e-08, 2.1222222222222225e-08],[-1.9100000000000002e-08, 1.9100000000000002e-08],[-1.7363636363636365e-08, 1.7363636363636365e-08],[-1.5916666666666667e-08, 1.5916666666666667e-08],[-1.4692307692307694e-08, 1.4692307692307694e-08],[-2.3875000000000004e-07, 2.3875000000000004e-07]}
iterations=5
