S=8.3637733062744146e-05
a={0,0.67734151023313205,-0.57608818612884294,-0.091280474127737571,0.075943632256819868,-0.010966808027794676,-0.0059383836186319341,0.001749136298619015,0.00011287763444922238,-0.00015260383372392775,1.6388986137983951e-05,7.2630064610003958e-06,-2.2671368822125375e-06,-1.0198840356989959e-07,0}
E={
{-0.4496641500774447,0.36983562716190727,0.55872295465818167,-0.57505942568101531,-0.0036617719419545776,0.1320845958092712,-0.024562174847864562,-0.0086973215383809119,0.0043017370265283168,1.2733339779343875e-05,-0.00035832722868465658,6.4338453654321729e-05,1.6359456044941103e-05,-7.4803199572200681e-06,0.0013217663477152212},
{0.6352199321643629,0.77233130053177446,-1.5387402585371507e-16,1.2705051346916085e-16,1.2436444717344843e-18,-2.8395109114413034e-17,7.4717602840265633e-18,2.7186580833625338e-18,-8.0960498646440236e-19,-3.9813663213085626e-21,9.9065142024641771e-20,-1.7263471917399136e-20,-3.9371510309254867e-21,1.6428133248327634e-21,-3.5097413479062859e-19},
{0.53476187239549811,-0.43982601776370794,0.72151425067712949,0,-3.252628727095866e-19,3.5002953512644807e-18,-1.7466402204353888e-18,-1.0886481671093022e-18,1.1064051346957451e-19,6.5751485071596476e-24,-4.0842614461909921e-20,-1.6608423423579869e-21,2.126030180774275e-21,-8.5089568839973045e-22,2.1752316708346081e-19},
{-0.32340051787258761,0.26598747827972213,0.40183611002264275,0.81436509448772854,-6.5052574541914854e-19,3.204504552964861e-22,1.7351874525839212e-18,-4.3334764540070018e-19,-1.5670089265073219e-22,-4.6384186134141958e-25,1.3052912399759201e-23,-5.0845413735989143e-21,8.4643701034009757e-22,-8.4676045668114015e-22,-4.8148854682886211e-23},
{-0.0016770092668430289,0.0013792911306191591,0.0020837408817187524,-0.0021446672715323195,0.99999317178775182,-2.7344805672159672e-20,-6.689532336187981e-21,2.9987053397393038e-23,3.3733313973928894e-21,6.5737278537743833e-24,2.1298848601427324e-22,-2.2089643073656065e-25,6.5612771626751281e-24,1.6800437809702518e-24,4.1897875720204413e-22},
{0.059960992986633994,-0.049316165059285308,-0.074503567073249538,0.076681972944070628,0.00048828327028600479,0.99123228876087188,2.1690588035989231e-19,-2.1680229540625239e-19,-1.6264663785750674e-19,-2.1181097516294351e-22,-3.3866479031451262e-21,8.4676655304289727e-22,-2.1182597293856607e-22,-2.1172726463442557e-22,-2.7110550746710894e-20},
{-0.011049123980621002,0.009087581690154424,0.01372891122357409,-0.014130330135235212,-8.9976868666197249e-05,0.0032455757808922459,0.99969827529469291,5.4212159100922854e-20,2.0326950515763555e-20,-1.0588400878319596e-22,1.3761967631443102e-25,-1.0590382854600832e-22,-1.0588540156887146e-22,1.3237762767698456e-23,-6.7767771482628878e-21},
{-0.0039111013527331241,0.0032167666055493136,0.0048596760568755731,-0.005001767868965298,-3.1849461855280596e-05,0.0011488490715923791,-0.00021363756763132113,0.99996217681271993,1.355265255240606e-20,2.647052195827614e-23,-2.0890618632812215e-26,1.0588286958312735e-22,2.6470733479415396e-23,-4.3615979940119396e-28,7.7069075382742943e-26},
{0.0019343584583360212,-0.0015909533225440175,-0.0024035059789031614,0.0024737819635395554,1.5752155307905761e-05,-0.00056819952196668171,0.00010566119327927785,3.7414006608571429e-05,0.99999074746907712,-2.3161057153362557e-23,-1.0587912509852743e-22,2.4219953312817019e-30,-1.3234889186774708e-23,-2.799730378686801e-31,-4.2351679411210034e-22},
{5.7257371739621034e-06,-4.7092515565935465e-06,-7.1144225993584732e-06,7.3224408267637129e-06,4.662667398993167e-08,-1.6818812000081622e-06,3.1275910604737682e-07,1.1074615852215958e-07,-5.4775582178744512e-08,0.99999999991893074,1.6543613313148852e-24,-2.0679519170634412e-25,-1.0339758649857038e-25,1.2924701618044307e-26,-3.3087261439918953e-24},
{-0.00016112720129934466,0.0001325224159745064,0.00020020601146493122,-0.00020605982448196556,-1.3121149744803782e-06,4.7329593105960504e-05,-8.8013120244964108e-06,-3.1164927825321883e-06,1.541432306068644e-06,4.5627106396761569e-09,0.99999993580068403,-4.963083685590294e-24,-2.0679515368831304e-24,1.0339757683618197e-24,-1.8528861954469746e-22},
{2.8930746692939704e-05,-2.3794693985728804e-05,-3.5947433812463694e-05,3.6998498935037403e-05,2.3559315654084572e-07,-8.498133513065728e-06,1.5802951127611105e-06,5.5957319766454772e-07,-2.7676759250808891e-07,-8.1924482449375641e-10,2.3054260128305642e-08,0.99999999793027794,-3.1019272974888033e-25,3.1019272975402899e-25,-2.6469802733731493e-23},
{7.3562737514715665e-06,-6.0503202578671157e-06,-9.1404195886835582e-06,9.407675835276155e-06,5.990470179985711e-08,-2.1608359148892069e-06,4.0182452188212475e-07,1.4228369802191409e-07,-7.0374200764133597e-08,-2.0831087639791497e-10,5.8620487898724072e-09,-1.0525439436211287e-09,0.99999999986618382,0,4.963088010741448e-24},
{-3.3636375924626251e-06,2.7664936560753901e-06,4.1794337701512907e-06,-4.3016360138727782e-06,-2.7391273591328055e-08,9.8803676426679279e-07,-1.8373324770651168e-07,-6.5058861541873948e-08,3.2178425548994709e-08,9.5249622083557762e-11,-2.6804070028688738e-09,4.8127305971649896e-10,1.2237417934146318e-10,0.99999999997202227,8.2718133512395083e-25},
{0.00059435146053225709,-0.00048883671318401757,-0.000738501844269318,0.00076009486076994816,4.8400111537953584e-06,-0.00017458512629822163,3.2465484500293592e-05,1.1495836966689608e-05,-5.6858962052065987e-06,-1.6830514716379072e-08,4.7362528607299919e-07,-8.5040477190025273e-08,-2.1623397355891919e-08,9.8872438264349597e-09,0.99999912646647937}
}
B={
{1,0,0,0,0,0,0,0,0,0,0,0,0,0,0},
{0,0.7215635596309774,-0.5810615529843508,-0.37644853706195658,-7.4956229309102914e-17,1.4308572482424045e-18,-4.8086608044385709e-17,8.7283934600955156e-18,-1.2846193255075082e-18,1.9030976599398271e-18,1.242134494529947e-18,1.2748156290150641e-19,5.3773067243646584e-19,-1.9148322785563737e-19,0},
{0,-0.66204861999689257,-0.69451566745429671,-0.19698258670234337,0.18666464285634038,-0.01899404020445148,0.068997850956644874,-0.011593696967513847,-0.020920287772052286,-0.00048314802047670142,-8.0303668137317103e-06,3.329148094840275e-05,-1.4472110226508705e-05,2.5915665504570462e-07,0},
{0,-0.10190265887462403,0.40599374447457875,-0.82198911796763863,0.3232570987884531,-0.1294010579569731,-0.16173664583093159,-0.0087672458044151004,-0.040479980362969521,0.0012051472809976246,0.0017521891730090525,0.00049096285626821937,-0.00017938559104973994,1.6306753306307039e-06,0},
{0,0.16986567877189906,-0.020369593422577308,0.35703385241060387,0.9088188584262431,-0.11372586387124449,-0.057271499755165593,-0.016307350332431834,-0.028624450800523244,-0.0021718873122714539,-0.0014137971035237656,-0.0004752410232076353,0.00011904461069853289,-6.5164945687182068e-06,0},
{0,-0.038147055063417784,-0.11983904183608467,0.11185681645909315,-0.11759316220079823,-0.14729843913629651,-0.96496343483828273,0.069111767353539064,-0.0042009030457721298,0.010379498035468776,0.0090169449874270384,0.0028134789041806244,-0.0010033494237269278,2.6211654427301484e-05,0},
{0,-0.017210745601911291,0.018512353994912242,-0.061563432290039202,0.14204418568635008,0.87284422529484662,-0.15575339078243883,0.080368006909687706,0.42689525373615544,-0.019165641668088415,-0.014099054084950692,-0.0035104735951031469,0.0011458411153919682,3.394249418062663e-06,0},
{0,0.0068717273231390071,0.0071806730601110197,0.0020878683563253378,0.015488267490623773,0.42999299297985266,-0.079900057462509666,-0.21154813514440174,-0.87381863759854272,-0.007828772452338555,-0.0019391431152641974,-0.0014588390051409931,0.00041465776169291032,-5.8953370710549961e-05,0},
{0,0.00017738488155597966,-0.0037222081863159634,0.0060853644264661985,-0.021507401107852292,-0.034868983019225065,-0.062404959098794795,-0.92958513372512741,0.2158534990756858,-0.26340431882193915,-0.11813860489703835,-0.017377282160550497,0.0035881548004192245,0.001274756478688793,0},
{0,-0.00069369648072236246,-4.5120972337952072e-05,-0.0012600076583551428,-0.001210851360682393,-0.017002475573336027,0.0069577703717200986,0.2504676617997329,-0.062177097914489318,-0.60660970047044138,-0.68399218965664454,-0.29508192352091317,0.10077843864714579,-0.0029406821019132825,0},
{0,0.00010537568458488697,0.00030503435919195649,-0.00026885078419466819,0.0008993092846492839,-0.0028082331029299257,0.0077186026952293834,0.12799901522386931,-0.028273436949459239,-0.74063634810804335,0.53035654082929207,0.38528585096817586,-0.066950130083806597,-0.00080576819692146947,0},
{0,3.5442439913983547e-05,-5.4632140875357191e-05,0.00015226147556206957,-8.5288973931181878e-05,0.00059823500436020959,-0.000535037301834698,-0.015874989710730949,0.0054139462533760244,-0.090643228484939359,0.45685133971080766,-0.7044178644144844,0.53530779109656845,-0.0054492805331361246,0},
{0,-1.4543361080776332e-05,-1.4485341973370804e-05,-5.5175777919027744e-06,-3.7883033447246366e-05,-8.6065307886828229e-06,-0.00054877091876014865,-0.005844287850886456,0.00071367546973166013,0.073030508020337725,-0.16670336595242446,0.51652808134401751,0.83340837727238881,-0.073964737612181225,0},
{0,-1.5604596815919903e-07,6.3934167760775598e-06,-1.0167567112645996e-05,3.0257402103403852e-05,2.0590652812011003e-05,8.394171938174554e-05,0.0014953812416946997,-0.00045271443063013008,0.0028701264444651571,-0.011305633692855515,0.033924617756375737,0.064977064038094196,0.99724049097230194,0},
{0,0,0,0,0,0,0,0,0,0,0,0,0,0,1}
}
r={[0, 0],[-1.7190000000000002e-06, 1.7190000000000002e-06],[-9.5500000000000002e-08, 9.5500000000000002e-08],[-6.3666666666666668e-08, 6.3666666666666668e-08],[-4.7750000000000001e-08, 4.7750000000000001e-08],[-3.8200000000000005e-08, 3.8200000000000005e-08],[-3.1833333333333334e-08, 3.1833333333333334e-08],[-2.7285714285714287e-08, 2.7285714285714287e-08],[-2.3875e-08, 2.3875e-08],[-2.1222222222222225e-08, 2.1222222222222225e-08],[-1.9100000000000002e-08, 1.9100000000000002e-08],[-1.7363636363636365e-08, 1.7363636363636365e-08],[-1.5916666666666667e-08, 1.5916666666666667e-08],[-1.4692307692307694e-08, 1.4692307692307694e-08],[-2.3875000000000004e-07, 2.3875000000000004e-07]}
iterations=5
