S=8.3637733062744146e-05
a={0,0.67831216684090712,-0.57079866520909939,-0.091691546769779128,0.075350411377469395,-0.010624174019071808,-0.0059058822930903093,0.0017120943051461041,0.0001183333964200256,-0.00014999849082960963,1.5509162491407574e-05,7.222497455672997e-06,-2.1910585673181615e-06,-1.1166890977291286e-07,0}
E={
{-0.44753533977270393,0.37244174359984367,0.55733248807146407,-0.57647065187645119,-0.0032872299506274158,0.1317518111849495,-0.024425686761299664,-0.008683645217713842,0.0042619373691057689,1.9934806888001147e-05,-0.00035517547380085028,6.2766612483802799e-05,1.6350104591504129e-05,-7.3314620621219294e-06,0.0013008177742828493},
{0.63967301879362881,0.76864714207980078,-3.0737580500892462e-16,2.7145508429433589e-16,1.6936765001848912e-18,-6.4982281494155513e-17,1.2559702287791122e-17,4.0080473314343372e-18,-2.0855719257242889e-18,-9.6769558147117446e-21,1.5347408712864965e-19,-3.4686962667466808e-20,-8.4699344314134446e-21,3.5274015844774007e-21,-6.0063481505077611e-19},
{0.53151020128188098,-0.44232615508546558,0.7223880387026097,-3.4124212919023469e-17,-1.7427533206284346e-19,6.1394680076890216e-18,-5.0061053297562511e-19,-3.9482208187619581e-19,9.547271088237416e-19,2.9497789052161753e-21,-3.4386447618145252e-20,9.7570976728485493e-21,2.4527732302523311e-21,-9.9733407088758814e-22,8.0878010299160789e-20},
{-0.32302236211661017,0.26882125516512817,0.40227182253943694,0.81336896125611435,7.5894569666725301e-19,-2.4500183631255598e-17,3.5494427921949966e-18,2.880757997648387e-20,-4.4782358227366121e-19,-5.9954002519380787e-21,5.538904631148892e-20,-1.3760869664247981e-20,-2.5953700876143982e-21,1.718401370837357e-21,-2.753686042723109e-19},
{-0.0014982030516846089,0.0012468140663917588,0.0018657682650396392,-0.0019298366253859623,0.99999449772570248,-1.3671790675649067e-19,4.4028046525003325e-22,1.5403693292210774e-20,-7.7387019018281887e-23,-6.9794153264923871e-24,-2.0530907718497882e-22,-1.1396931791836334e-24,-1.3531769018244834e-23,3.4418444569627362e-24,-4.471366053559257e-22},
{0.059523667551285235,-0.049535973046323976,-0.074127048273651977,0.076672486809184551,0.00043721236147552218,0.9912766716218433,-1.5183360826931302e-18,-7.5929221306352156e-19,1.0860736634464781e-19,1.6949458727199754e-21,-1.3568206457115351e-20,2.5438698440353058e-21,4.2423829468098483e-22,-3.179610231331453e-22,6.7820121354933502e-20},
{-0.010935663879623709,0.0091007287264005671,0.013618591018620726,-0.014086237946237245,-8.0324476394089662e-05,0.0032193960892161308,0.99970161993874407,1.3553038164041479e-19,-2.7110316450291959e-20,-1.5884444223492635e-22,4.5904502919206744e-25,-2.1183935967181606e-22,-7.943047065609069e-23,6.618392462991963e-23,-6.7779505671952019e-21},
{-0.0038864623253290409,0.0032343385566284068,0.0048399568147439375,-0.0050061554274430705,-2.8546785521552926e-05,0.0011441519919393021,-0.00021211623514758105,0.99996229568847539,-1.6940812803460011e-20,-7.941077813017113e-23,2.1178389469112517e-22,-2.6470233315907173e-22,-3.9705851425955144e-23,1.3235419828317195e-23,-3.3882286981770027e-21},
{0.0019073883887021112,-0.0015873406948624588,-0.0023753420611071167,0.0024569086060893548,1.4010120948224988e-05,-0.00056152409097408448,0.00010410188240830276,3.7009555643780265e-05,0.99999091788713257,4.6322114312171884e-23,-5.2939562575350436e-22,1.0587913047524235e-22,3.9704672605899466e-23,-2.316105859088419e-23,2.117584415249637e-21},
{8.9215468355487289e-06,-7.4245677687196968e-06,-1.1110335773321957e-05,1.1491852068368767e-05,6.5530413706850127e-08,-2.62645170044422e-06,4.8692223622396613e-07,1.7310710602758061e-07,-8.4961053283442935e-08,0.99999999980130116,1.2407709970911342e-24,1.0339754911207247e-25,-5.1698795390721454e-26,-5.1698785096417839e-26,-1.6543631902271695e-24},
{-0.00015895385601973029,0.00013228240549221013,0.00019795117880304841,-0.00020474859715996515,-1.1675455094588816e-06,4.6795094295944298e-05,-8.675420132431436e-06,-3.0842232310948606e-06,1.5137382877473167e-06,7.0803669392137872e-09,0.99999993692508238,-3.3087224567294275e-24,-2.0679515350546255e-24,6.2038546120199237e-25,-3.2005344557070134e-31},
{2.8090324841066257e-05,-2.3376946203636575e-05,-3.498193157742216e-05,3.618317132402333e-05,2.0632863806309462e-07,-8.2696288888911246e-06,1.5331202133434002e-06,5.450439178591788e-07,-2.6750782454691465e-07,-1.2512424190060159e-09,2.2293199101802008e-08,0.9999999980301727,-1.0339757658295227e-25,-2.5849394130574191e-26,-1.3234901000371811e-23},
{7.3172619967851284e-06,-6.0894717673997297e-06,-9.1124598933578084e-06,9.4253714028033115e-06,5.3746644465297972e-08,-2.1541595385090097e-06,3.993632091146351e-07,1.4197874781780053e-07,-6.9683239673261911e-08,-3.2593672921764195e-10,5.8071659725309286e-09,-1.0262424156892953e-09,0.9999999998663367,-1.2924697071487828e-26,-1.6543626246785936e-24},
{-3.2810939171178266e-06,2.7305471340583894e-06,4.0860689065408147e-06,-4.2263798658434703e-06,-2.4100242453811668e-08,9.6593503982891606e-07,-1.7907629885637432e-07,-6.3663923203742399e-08,3.1246285006257273e-08,1.4615152772596415e-10,-2.6039599178676738e-09,4.6017181687437797e-10,1.1987037436344247e-10,0.99999999997312472,-8.2718131240098675e-25},
{0.0005821624171425938,-0.00048447924985992692,-0.00072498862005527056,0.00074988390476293386,4.276090765776674e-06,-0.00017138524278618986,3.1773394370482643e-05,1.1295849601777856e-05,-5.5440085731980239e-06,-2.5931573066573289e-08,4.620189602069952e-07,-8.1647994229866646e-08,-2.1268524658540969e-08,9.5369042307180226e-09,0.99999915393620109}
}
B={
{1,0,0,0,0,0,0,0,0,0,0,0,0,0,0},
{0,-0.75998795376379735,0.52805632414982118,0.37891269266058575,3.5900167935335549e-17,1.4209794119678064e-16,1.1485291256754027e-17,-5.8358647521561301e-19,-5.2115749458600939e-18,1.7691744214966556e-18,3.2370212594058093e-19,1.3312535602396944e-19,-3.8671662856397948e-21,7.8305544624032219e-21,0},
{0,0.61296441698338666,0.73732475319971125,0.2018844329990073,0.19330800692231159,0.044150089886423549,-0.022273021360665751,-0.0072969163481932438,0.0014184862086437167,-0.00095866938129641468,0.00016099932979459633,-4.5019583776714527e-05,-9.8019231225633908e-10,4.8560229268615122e-07,0},
{0,0.12976831234340269,-0.40291280870345675,0.8217803650008505,0.28978516003642779,0.026872858380450459,0.24621708821190016,0.010541138357004522,-0.0075633595633213284,0.0030534305182392152,-0.0006144388785544419,-0.00014191808078354976,1.4397677196563938e-05,6.6362366098575584e-06,0},
{0,-0.16926570785448344,0.0093452394455782965,-0.35252108026978168,0.83785191931478809,0.27364083025724495,0.26405362536592786,0.015437426599048875,-0.012259325828756384,0.0015480854526898321,-0.00043282070005240005,-0.00016037299893120846,-4.6002824586590911e-06,2.1558305687660749e-06,0},
{0,0.028840086726017958,0.12130880781833744,-0.11121233324326389,-0.31516828722391621,-0.065263695783018605,0.93064644567965304,0.0084453492048751962,-0.047708706220044431,0.0062786865669273136,-0.0020294861397368294,-0.0002184395887462016,1.8851584341971189e-05,4.6457994135873401e-07,0},
{0,0.018216231017084295,-0.017224469039839853,0.060540611034957031,-0.27678273158435923,0.95614521337160496,-0.017357215233604582,-0.035184782595441708,0.0090818542763145584,0.056952913908463458,0.004199789532164269,-0.00094288929816885563,0.00029408452867825949,-3.6984349469839071e-05,0},
{0,-0.0061646232889048993,-0.0075441210262966341,-0.0018508712813168368,0.021384070081742052,-0.030668009731517249,0.021765409864202688,-0.99040217171872857,0.1299343419492783,-0.0065722570048636448,0.013439356697367367,-0.0051678527354864492,-0.00045250947606696745,-4.7876633920978577e-05,0},
{0,-0.00045012079393966638,0.0036242822151534839,-0.0059536446496634343,0.0071707414857043131,-0.036812824802471528,0.034114308238566565,0.1021667405997668,0.7846367313096998,0.60219955325178531,0.092247955235638016,0.011005206245235044,0.0033340735116800355,-0.0013287804391634555,0},
{0,0.00066658093304056587,9.4019021548633966e-05,0.0012059404428809706,-0.014402339814958441,0.040495191199084159,0.032845622093455568,0.08285485521035614,0.58249143295314987,-0.79383989510271313,0.14276880367798775,-0.016265877909700178,0.0090242422965837212,-0.00021715329962976196,0},
{0,-7.8062018272393268e-05,-0.00030327559121548443,0.00026607818191620974,0.0021079147914142638,-0.005794548573430776,-0.005865457551940052,-0.0084304265337949713,-0.15820738837389944,0.055504605895209697,0.97733254741289199,0.12846565310758148,-0.007880751792056901,-0.0012481303836096556,0},
{0,-3.8105726983084038e-05,4.9765422757252974e-05,-0.0001457825001840027,0.0006434980868241741,-0.0026546854529036898,-0.0013392921923592374,0.0036913944122572489,-0.022825454546626437,0.027306939268068823,0.12522644005561703,-0.98639131405820957,0.10030403866973152,0.00019250584488559081,0},
{0,1.2730244487388659e-05,1.5031665341301192e-05,4.5848728389306485e-06,-0.00015547112544859006,0.00031692309099900172,0.00032742755148388859,0.0019701596131728658,0.0067803396084953685,-0.0028659569810551904,0.0064462339372166957,-0.1005509599703613,-0.99455401731722948,-0.02553344243049209,0},
{0,6.4736910982631675e-07,-6.0750362662265393e-06,9.7646611385528281e-06,7.954050704145315e-06,5.6187602225600813e-06,-5.1552530409228268e-05,-0.00014404662910743151,-0.0011561896025473932,-0.00062061758290682801,-0.0015152073877086813,0.0022070970855068354,0.025425486943427611,-0.99967226224774763,0},
{0,0,0,0,0,0,0,0,0,0,0,0,0,0,1}
}
r={[0, 0],[-1.1460000000000001e-06, 1.1460000000000001e-06],[-9.5500000000000002e-08, 9.5500000000000002e-08],[-6.3666666666666668e-08, 6.3666666666666668e-08],[-4.7750000000000001e-08, 4.7750000000000001e-08],[-3.8200000000000005e-08, 3.8200000000000005e-08],[-3.1833333333333334e-08, 3.1833333333333334e-08],[-2.7285714285714287e-08, 2.7285714285714287e-08],[-2.3875e-08, 2.3875e-08],[-2.1222222222222225e-08, 2.1222222222222225e-08],[-1.9100000000000002e-08, 1.9100000000000002e-08],[-1.7363636363636365e-08, 1.7363636363636365e-08],[-1.5916666666666667e-08, 1.5916666666666667e-08],[-1.4692307692307694e-08, 1.4692307692307694e-08],[-2.3875000000000004e-07, 2.3875000000000004e-07]}
iterations=4
