S=8.3637733062744146e-05
a={0,0.67395659162131916,-0.56902456610415431,-0.090469301313244169,0.074624273264537355,-0.010636450149307832,-0.0058098791243077425,0.0016943222765747373,0.00011244387136739695,-0.00014728270867212778,1.5511749940624464e-05,7.0067232985068152e-06,-2.1536705508187521e-06,-1.0228135915505627e-07,0}
E={
{-0.44626927791168086,0.37391101981545,0.55798963344739272,-0.57602382559470022,-0.0017561907327939177,0.13109396364624454,-0.024435685501030042,-0.0085404082610129016,0.004230336233083748,1.0269629163577731e-05,-0.00034940602588549998,6.2573315573050302e-05,1.5848208869267918e-05,-7.2166653647649868e-06,0.0012756184214824488},
{0.64222968484500653,0.76651225163325576,1.1533378410888335e-16,-1.4227562396708251e-16,-4.7846506949158716e-19,3.0028469739347238e-17,-5.4091541033644519e-18,-2.3686567512768217e-18,1.0699355999446195e-18,2.391624117403161e-21,-7.9657047260521099e-20,1.6187528133602663e-20,4.0776967642843116e-21,-1.7206886196080607e-21,3.0027816605092631e-19},
{0.53037408283052234,-0.44437904200542278,0.72196301795038298,-1.3643629678035984e-16,-1.947426993763842e-19,4.1987342196623623e-17,-6.3944459251941934e-18,-1.3701533454679197e-18,7.9015317275959268e-19,2.5594529505691465e-21,-7.0100852769766679e-20,1.035504110618743e-20,3.8765742486457813e-21,-1.6669153699988117e-21,3.7854284966741569e-19},
{-0.32165615696854799,0.26950271424651034,0.40218049954695134,0.81372996103262241,7.047325186664729e-19,-3.4996867454412664e-17,5.3179405626091208e-18,3.0761832619657179e-18,-1.3211290061840666e-18,-2.1663726806336935e-21,8.2975172264320213e-20,-1.8932008238203209e-20,-5.1574919198861281e-21,2.1518684706013917e-21,-4.3974163641523557e-19},
{-0.00079799969915158588,0.00066861174651875312,0.00099777327649438921,-0.0010300212501289118,0.99999842982853027,-1.5037645499613122e-19,4.1151770424378709e-20,1.2035859014221426e-20,-6.0173686668850213e-21,-1.6757706296564353e-23,4.8374023437284031e-22,-8.7331279011161883e-23,-2.5145813477880935e-23,1.1730977811433071e-23,-1.7206606933427174e-21},
{0.059053574172913979,-0.049478606831437517,-0.073837218552660303,0.07622363311519352,0.00023239184240093357,0.99136396532685345,-1.3014312450606264e-18,-3.2554413643752763e-19,1.0856748225159339e-19,6.3563456837347782e-22,-2.3729167503694564e-20,8.4922609833391972e-22,1.2711048901311062e-21,-4.2376941306373905e-22,1.3597247782024988e-20},
{-0.010909163212569052,0.0091403476421967646,0.013640195020110428,-0.014081045321216625,-4.2930518152857654e-05,0.0032046244641615348,0.99970137640420942,2.7106042887633167e-20,-2.0329951964294061e-20,-7.941259941409208e-23,2.5412099334923833e-21,-6.3529463430560019e-22,-2.1176328335687787e-22,6.6176747019981941e-23,-6.7766752889928172e-21},
{-0.0038115357284583128,0.0031935319813185116,0.0047657267243365999,-0.0049197547318772603,-1.4999427599755454e-05,0.0011196588045699249,-0.00020870244255303451,0.99996352933170074,-1.6940810530240216e-20,-3.3087960481464833e-23,1.2705745388978223e-21,-1.5882319006590676e-22,-6.6175591980084446e-23,1.985285517285782e-23,-2.541192907901126e-21},
{0.0018878892993534461,-0.0015817862625973197,-0.0023605090251002272,0.0024368005380107889,7.4293567945797036e-06,-0.00055457747917515051,0.0001033722719960358,3.6129185149211479e-05,0.99999105207195371,1.9852334702319889e-23,-7.4115387416055179e-22,1.5881869413809682e-22,2.6469783869864587e-23,-2.3161059097160767e-23,2.9646180714320091e-21},
{4.5830280278575354e-06,-3.8399342472285105e-06,-5.7303566611400328e-06,5.9155614515249899e-06,1.8035459192535016e-08,-1.346288753026325e-06,2.5094586850160899e-07,8.7706979545462598e-08,-4.3444060532710529e-08,0.99999999994726707,-8.2718066304605838e-25,1.8085074626948959e-32,3.8774095798785658e-26,-2.5849396233169181e-26,4.135906797448741e-24},
{-0.0001559294387747664,0.00013064698458373894,0.00019496527027972722,-0.0002012665363526351,-6.1362466317969596e-07,4.5805098378660971e-05,-8.5379902109380222e-06,-2.9840751603579388e-06,1.4781074730038968e-06,3.5882763863896604e-09,0.99999993895761297,-4.9630836850343322e-24,-4.1359031125026553e-25,1.0339757680066323e-24,-1.5881880723942216e-22},
{2.7924593859426131e-05,-2.3396890363527709e-05,-3.491531831342463e-05,3.6043779348548994e-05,1.098908559926986e-07,-8.2029973234416394e-06,1.5290243515888489e-06,5.344025320283666e-07,-2.6470659542254432e-07,-6.4260579357331548e-10,2.1863529146677422e-08,0.99999999804228679,-1.0339757658212943e-25,-7.7548182417042722e-26,-1.9852350854549655e-23},
{7.0725802380574648e-06,-5.9258295841328976e-06,-8.843150648927208e-06,9.1289607579879132e-06,2.7832522841682288e-08,-2.0776078984234829e-06,3.8726247790728513e-07,1.3535039421588102e-07,-6.7043361314170012e-08,-1.6275549285934237e-10,5.5374686899801477e-09,-9.9167658867898319e-10,0.9999999998744169,-3.2311742678696061e-26,4.9630877135907702e-24},
{-3.2205812818852268e-06,2.6983950971112431e-06,4.0268310141714888e-06,-4.1569779558012796e-06,-1.2673861458542383e-08,9.4606280643587786e-07,-1.7634445217227385e-07,-6.1633368789772532e-08,3.0528970652213872e-08,7.411259769189544e-11,-2.5215504683865946e-09,4.5157141406437024e-10,1.1437140614880705e-10,0.99999999997395972,-4.1359064277450472e-24},
{0.00056926977500455929,-0.00047696817293390269,-0.00071178243452899687,0.00073478720096536933,2.2402310730440666e-06,-0.00016722601102763505,3.1170635927141968e-05,1.0894310968356801e-05,-5.3962992184234934e-06,-1.310013880114586e-08,4.4570912582613504e-07,-7.981973897967771e-08,-2.0216283629138577e-08,9.2057187707552705e-09,0.99999918639849028}
}
B={
{1,0,0,0,0,0,0,0,0,0,0,0,0,0,0},
{0,0.7215635596309774,-0.5810615529843508,-0.37644853706195658,-7.4956229309102914e-17,1.4308572482424045e-18,-4.8086608044385709e-17,8.7283934600955156e-18,-1.2846193255075082e-18,1.9030976599398271e-18,1.242134494529947e-18,1.2748156290150641e-19,5.3773067243646584e-19,-1.9148322785563737e-19,0},
{0,-0.66204861999689257,-0.69451566745429671,-0.19698258670234337,0.18666464285634038,-0.01899404020445148,0.068997850956644874,-0.011593696967513847,-0.020920287772052286,-0.00048314802047670142,-8.0303668137317103e-06,3.329148094840275e-05,-1.4472110226508705e-05,2.5915665504570462e-07,0},
{0,-0.10190265887462403,0.40599374447457875,-0.82198911796763863,0.3232570987884531,-0.1294010579569731,-0.16173664583093159,-0.0087672458044151004,-0.040479980362969521,0.0012051472809976246,0.0017521891730090525,0.00049096285626821937,-0.00017938559104973994,1.6306753306307039e-06,0},
{0,0.16986567877189906,-0.020369593422577308,0.35703385241060387,0.9088188584262431,-0.11372586387124449,-0.057271499755165593,-0.016307350332431834,-0.028624450800523244,-0.0021718873122714539,-0.0014137971035237656,-0.0004752410232076353,0.00011904461069853289,-6.5164945687182068e-06,0},
{0,-0.038147055063417784,-0.11983904183608467,0.11185681645909315,-0.11759316220079823,-0.14729843913629651,-0.96496343483828273,0.069111767353539064,-0.0042009030457721298,0.010379498035468776,0.0090169449874270384,0.0028134789041806244,-0.0010033494237269278,2.6211654427301484e-05,0},
{0,-0.017210745601911291,0.018512353994912242,-0.061563432290039202,0.14204418568635008,0.87284422529484662,-0.15575339078243883,0.080368006909687706,0.42689525373615544,-0.019165641668088415,-0.014099054084950692,-0.0035104735951031469,0.0011458411153919682,3.394249418062663e-06,0},
{0,0.0068717273231390071,0.0071806730601110197,0.0020878683563253378,0.015488267490623773,0.42999299297985266,-0.079900057462509666,-0.21154813514440174,-0.87381863759854272,-0.007828772452338555,-0.0019391431152641974,-0.0014588390051409931,0.00041465776169291032,-5.8953370710549961e-05,0},
{0,0.00017738488155597966,-0.0037222081863159634,0.0060853644264661985,-0.021507401107852292,-0.034868983019225065,-0.062404959098794795,-0.92958513372512741,0.2158534990756858,-0.26340431882193915,-0.11813860489703835,-0.017377282160550497,0.0035881548004192245,0.001274756478688793,0},
{0,-0.00069369648072236246,-4.5120972337952072e-05,-0.0012600076583551428,-0.001210851360682393,-0.017002475573336027,0.0069577703717200986,0.2504676617997329,-0.062177097914489318,-0.60660970047044138,-0.68399218965664454,-0.29508192352091317,0.10077843864714579,-0.0029406821019132825,0},
{0,0.00010537568458488697,0.00030503435919195649,-0.00026885078419466819,0.0008993092846492839,-0.0028082331029299257,0.0077186026952293834,0.12799901522386931,-0.028273436949459239,-0.74063634810804335,0.53035654082929207,0.38528585096817586,-0.066950130083806597,-0.00080576819692146947,0},
{0,3.5442439913983547e-05,-5.4632140875357191e-05,0.00015226147556206957,-8.5288973931181878e-05,0.00059823500436020959,-0.000535037301834698,-0.015874989710730949,0.0054139462533760244,-0.090643228484939359,0.45685133971080766,-0.7044178644144844,0.53530779109656845,-0.0054492805331361246,0},
{0,-1.4543361080776332e-05,-1.4485341973370804e-05,-5.5175777919027744e-06,-3.7883033447246366e-05,-8.6065307886828229e-06,-0.00054877091876014865,-0.005844287850886456,0.00071367546973166013,0.073030508020337725,-0.16670336595242446,0.51652808134401751,0.83340837727238881,-0.073964737612181225,0},
{0,-1.5604596815919903e-07,6.3934167760775598e-06,-1.0167567112645996e-05,3.0257402103403852e-05,2.0590652812011003e-05,8.394171938174554e-05,0.0014953812416946997,-0.00045271443063013008,0.0028701264444651571,-0.011305633692855515,0.033924617756375737,0.064977064038094196,0.99724049097230194,0},
{0,0,0,0,0,0,0,0,0,0,0,0,0,0,1}
}
r={[0, 0],[-1.7190000000000002e-06, 1.7190000000000002e-06],[-3.8200000000000001e-07, 3.8200000000000001e-07],[-6.3666666666666668e-08, 6.3666666666666668e-08],[-4.7750000000000001e-08, 4.7750000000000001e-08],[-3.8200000000000005e-08, 3.8200000000000005e-08],[-3.1833333333333334e-08, 3.1833333333333334e-08],[-2.7285714285714287e-08, 2.7285714285714287e-08],[-2.3875e-08, 2.3875e-08],[-2.1222222222222225e-08, 2.1222222222222225e-08],[-1.9100000000000002e-08, 1.9100000000000002e-08],[-1.7363636363636365e-08, 1.7363636363636365e-08],[-1.5916666666666667e-08, 1.5916666666666667e-08],[-1.4692307692307694e-08, 1.4692307692307694e-08],[-2.3875000000000004e-07, 2.3875000000000004e-07]}
iterations=5
