S=8.3637733062744146e-05
a={0,0.67473878912584351,-0.56638220287452512,-0.090758955634740193,0.074362650348044998,-0.010459079689829636,-0.0057990922379252841,0.0016764416284048456,0.00011558738242730986,-0.00014612198417964265,1.5065455754864758e-05,6.9991992424595792e-06,-2.1175792315167193e-06,-1.0769962867989977e-07,0}
E={
{-0.4452193840985435,0.37517036908803358,0.55720391297997196,-0.57680985462248657,-0.001660199645247269,0.13096650164481746,-0.02436498665984228,-0.0085429544308139368,0.004211913069263851,1.4611912283944347e-05,-0.00034816913284861395,6.1781436050010061e-05,1.587614604564329e-05,-7.1483738341120961e-06,0.0012664608627085021},
{0.64438572242780368,0.76470062163646602,0,1.365301233607181e-16,2.6864435794238511e-19,-1.0501246642586239e-17,2.3874598831339193e-18,1.1187840835353924e-18,-5.5462501431990875e-19,-2.018877350295078e-21,3.4698690687137169e-20,-8.3428722001325914e-21,-1.2732333127397749e-21,5.7328445274706386e-22,-1.5577763296255004e-19},
{0.5287288060575982,-0.4455407567613886,0.72245365505989101,-3.0719277756161483e-16,-7.8740917869902111e-19,6.9122783302487017e-17,-1.0614329735592262e-17,-3.9787787220434012e-18,2.086753417315964e-18,9.0785645378006732e-21,-1.4626529033235127e-19,1.9995510982589865e-20,7.1968224257683497e-21,-3.0275782139866877e-21,5.6151620670629492e-19},
{-0.32154608480047647,0.27095532589548266,0.40242348615836365,0.8131707474488411,4.3368147751977843e-19,-4.1995423257330064e-17,4.4722134945799019e-18,3.5175012288862485e-18,-6.7428158430089815e-19,-1.7765147599416918e-21,8.3279739612175251e-20,-2.5759596832872581e-20,-3.4777146680065691e-21,1.7344013707666643e-21,-3.3240705565941036e-19},
{-0.00075257884972693286,0.00063417114102428155,0.00094187246753164259,-0.00097501347067779302,0.99999859683752845,-4.1011061766706512e-20,1.3687508093884786e-20,5.1311215500482724e-21,-3.8358943313902215e-21,-6.7016763303339454e-24,1.6082573351380952e-22,-1.3591036821854011e-23,-5.0546037648519141e-24,2.5227495600447039e-24,-6.4257589680720498e-22},
{0.05885614829612254,-0.049595960256907802,-0.073660036613029126,0.076251860441934008,0.00021947147858282788,0.9913808547432823,0,0,1.0842117896180992e-19,-2.1175156414024882e-22,6.776104994434421e-21,1.6940939649854958e-21,-2.1175102266157828e-22,-1.0588236663258905e-22,1.3553113505822479e-20},
{-0.010851989273714105,0.0091445812257301973,0.013581553505747202,-0.014059438063348898,-4.0466496711337285e-05,0.0031922398750519028,0.99970310219372904,1.2197719564663828e-19,-4.0662331201716638e-20,-1.8530618606832324e-22,3.3885544337755404e-21,-7.4122886358620644e-22,-1.323681802724401e-22,7.9418020822884892e-23,-1.3554076198062962e-20},
{-0.0038037017705117265,0.0032052427367534279,0.0047604340377706278,-0.0049279360774429973,-1.4183803660786377e-05,0.0011189034709096547,-0.00020816061970029546,0.99996350758846542,-3.3881618425561749e-21,-9.2644437137577674e-23,6.3527971802266989e-22,-1.0588001401988309e-22,-3.970489960764255e-23,2.6469883256484805e-23,-5.0822201236568605e-21},
{0.0018752452194678519,-0.0015802017303060774,-0.0023469193197868483,0.0024294987169367118,6.9926907032939982e-06,-0.0005516253669348623,0.00010262429352391868,3.5982562818894898e-05,0.99999112983946792,6.6174449011313988e-24,-4.2351649933056306e-22,1.3234890737705629e-22,1.9852337176149819e-23,-6.6174460160560052e-24,8.4703382422669311e-22},
{6.5055178380181743e-06,-5.4819660050063151e-06,-8.1418287809822994e-06,8.4283095759386378e-06,2.4258733542556211e-08,-1.9136743436234042e-06,3.5601966356342517e-07,1.2482911666473034e-07,-6.1544210748499384e-08,0.99999999989324562,8.2718066268927233e-25,-1.7793011300543654e-32,-3.8774095790627728e-26,6.4623505988658042e-27,1.6543621862639636e-24},
{-0.00015501190555023385,0.00013062296004041145,0.00019400152692353252,-0.00020082772201444567,-5.7803123537550244e-07,4.5598569398131929e-05,-8.4831504326689884e-06,-2.974397999383096e-06,1.466460567974762e-06,5.0874253183139726e-09,0.99999993938902798,-4.9630836847898293e-24,2.0679515267751956e-24,-2.0679515118637206e-25,5.2939601314056635e-23},
{2.7506337085792636e-05,-2.3178601393627976e-05,-3.442491320763658e-05,3.5636198382911033e-05,1.0256968295382477e-07,-8.0913115417993985e-06,1.5053062829091119e-06,5.2779684055832338e-07,-2.6021845588282855e-07,-9.027463742711785e-10,2.1510423564312693e-08,0.99999999809152385,-1.0339757658215294e-25,-2.5849394131208958e-26,-1.3234900416580315e-23},
{7.0683793026887839e-06,-5.9562691260922657e-06,-8.8462648899696015e-06,9.1575321821524626e-06,2.6357614313126325e-08,-2.0792466425201468e-06,3.8682270711420476e-07,1.3562940976804657e-07,-6.6869054283852757e-08,-2.3198122554716975e-10,5.527592868502634e-09,-9.8085267502554438e-10,0.9999999998739737,0,-1.6543625518415782e-24},
{-3.1825997004560781e-06,2.6818623512926202e-06,3.9831082605120898e-06,-4.1232590855372981e-06,-1.1867746738744322e-08,9.3619901511817418e-07,-1.7417031246794732e-07,-6.1068329869708632e-08,3.0108377468172387e-08,1.0445157897185973e-10,-2.4888471110835358e-09,4.4163750925765592e-10,1.1348880900944263e-10,0.99999999997445022,-5.7902689314462761e-24},
{0.00056385337746890434,-0.00047513897034124025,-0.00070567751426363476,0.00073050769194328233,2.1025795611768642e-06,-0.00016586408167568081,3.0857326771504813e-05,1.0819326115215157e-05,-5.334227337200098e-06,-1.8505429877594462e-08,4.4094293397535121e-07,-7.8243833547837774e-08,-2.0106533742125183e-08,9.0531429531880386e-09,0.99999919803811999}
}
B={
{1,0,0,0,0,0,0,0,0,0,0,0,0,0,0},
{0,-0.75998795376379735,0.52805632414982118,0.37891269266058575,3.5900167935335549e-17,1.4209794119678064e-16,1.1485291256754027e-17,-5.8358647521561301e-19,-5.2115749458600939e-18,1.7691744214966556e-18,3.2370212594058093e-19,1.3312535602396944e-19,-3.8671662856397948e-21,7.8305544624032219e-21,0},
{0,0.61296441698338666,0.73732475319971125,0.2018844329990073,0.19330800692231159,0.044150089886423549,-0.022273021360665751,-0.0072969163481932438,0.0014184862086437167,-0.00095866938129641468,0.00016099932979459633,-4.5019583776714527e-05,-9.8019231225633908e-10,4.8560229268615122e-07,0},
{0,0.12976831234340269,-0.40291280870345675,0.8217803650008505,0.28978516003642779,0.026872858380450459,0.24621708821190016,0.010541138357004522,-0.0075633595633213284,0.0030534305182392152,-0.0006144388785544419,-0.00014191808078354976,1.4397677196563938e-05,6.6362366098575584e-06,0},
{0,-0.16926570785448344,0.0093452394455782965,-0.35252108026978168,0.83785191931478809,0.27364083025724495,0.26405362536592786,0.015437426599048875,-0.012259325828756384,0.0015480854526898321,-0.00043282070005240005,-0.00016037299893120846,-4.6002824586590911e-06,2.1558305687660749e-06,0},
{0,0.028840086726017958,0.12130880781833744,-0.11121233324326389,-0.31516828722391621,-0.065263695783018605,0.93064644567965304,0.0084453492048751962,-0.047708706220044431,0.0062786865669273136,-0.0020294861397368294,-0.0002184395887462016,1.8851584341971189e-05,4.6457994135873401e-07,0},
{0,0.018216231017084295,-0.017224469039839853,0.060540611034957031,-0.27678273158435923,0.95614521337160496,-0.017357215233604582,-0.035184782595441708,0.0090818542763145584,0.056952913908463458,0.004199789532164269,-0.00094288929816885563,0.00029408452867825949,-3.6984349469839071e-05,0},
{0,-0.0061646232889048993,-0.0075441210262966341,-0.0018508712813168368,0.021384070081742052,-0.030668009731517249,0.021765409864202688,-0.99040217171872857,0.1299343419492783,-0.0065722570048636448,0.013439356697367367,-0.0051678527354864492,-0.00045250947606696745,-4.7876633920978577e-05,0},
{0,-0.00045012079393966638,0.0036242822151534839,-0.0059536446496634343,0.0071707414857043131,-0.036812824802471528,0.034114308238566565,0.1021667405997668,0.7846367313096998,0.60219955325178531,0.092247955235638016,0.011005206245235044,0.0033340735116800355,-0.0013287804391634555,0},
{0,0.00066658093304056587,9.4019021548633966e-05,0.0012059404428809706,-0.014402339814958441,0.040495191199084159,0.032845622093455568,0.08285485521035614,0.58249143295314987,-0.79383989510271313,0.14276880367798775,-0.016265877909700178,0.0090242422965837212,-0.00021715329962976196,0},
{0,-7.8062018272393268e-05,-0.00030327559121548443,0.00026607818191620974,0.0021079147914142638,-0.005794548573430776,-0.005865457551940052,-0.0084304265337949713,-0.15820738837389944,0.055504605895209697,0.97733254741289199,0.12846565310758148,-0.007880751792056901,-0.0012481303836096556,0},
{0,-3.8105726983084038e-05,4.9765422757252974e-05,-0.0001457825001840027,0.0006434980868241741,-0.0026546854529036898,-0.0013392921923592374,0.0036913944122572489,-0.022825454546626437,0.027306939268068823,0.12522644005561703,-0.98639131405820957,0.10030403866973152,0.00019250584488559081,0},
{0,1.2730244487388659e-05,1.5031665341301192e-05,4.5848728389306485e-06,-0.00015547112544859006,0.00031692309099900172,0.00032742755148388859,0.0019701596131728658,0.0067803396084953685,-0.0028659569810551904,0.0064462339372166957,-0.1005509599703613,-0.99455401731722948,-0.02553344243049209,0},
{0,6.4736910982631675e-07,-6.0750362662265393e-06,9.7646611385528281e-06,7.954050704145315e-06,5.6187602225600813e-06,-5.1552530409228268e-05,-0.00014404662910743151,-0.0011561896025473932,-0.00062061758290682801,-0.0015152073877086813,0.0022070970855068354,0.025425486943427611,-0.99967226224774763,0},
{0,0,0,0,0,0,0,0,0,0,0,0,0,0,1}
}
r={[0, 0],[-7.6400000000000012e-07, 7.6400000000000012e-07],[-1.6235000000000002e-07, 1.6235000000000002e-07],[-6.3666666666666668e-08, 6.3666666666666668e-08],[-4.7750000000000001e-08, 4.7750000000000001e-08],[-3.8200000000000005e-08, 3.8200000000000005e-08],[-3.1833333333333334e-08, 3.1833333333333334e-08],[-2.7285714285714287e-08, 2.7285714285714287e-08],[-2.3875e-08, 2.3875e-08],[-2.1222222222222225e-08, 2.1222222222222225e-08],[-1.9100000000000002e-08, 1.9100000000000002e-08],[-1.7363636363636365e-08, 1.7363636363636365e-08],[-1.5916666666666667e-08, 1.5916666666666667e-08],[-1.4692307692307694e-08, 1.4692307692307694e-08],[-2.3875000000000004e-07, 2.3875000000000004e-07]}
iterations=6
