S=8.3637733062744146e-05
a={0,0.67718477402813415,-0.56933519848008263,-0.091398486434196236,0.075028764289457608,-0.010567810394892515,-0.005871384950051445,0.0017002913180964216,0.00011751043897103719,-0.00014872797653442621,1.5357557244093505e-05,7.1503235079452335e-06,-2.1666381387867214e-06,-1.1049110247367659e-07,0}
E={
{-0.44677738442075271,0.37334087591888693,0.55727584570015587,-0.57659412281307654,-0.0027638402910680447,0.13149798052907063,-0.024405121384964101,-0.0086385178059447103,0.004245556115727224,1.8296555118044403e-05,-0.00035289962650925837,6.2435706674677808e-05,1.6197804910868193e-05,-7.2712084476916632e-06,0.0012895757782665465},
{0.64122418535016412,0.76735359784262347,3.0736244879241516e-16,-3.2268388796037019e-16,-1.6020458596871661e-18,7.2349964470237588e-17,-1.5032825752066785e-17,-4.0400035067575434e-18,2.3182165559247001e-18,8.4139127168630979e-21,-1.8382092773042667e-19,3.1401335039786201e-20,8.9136463212420391e-21,-3.7293162796990839e-21,6.6336306539534899e-19},
{0.53059056565491525,-0.44337773898902483,0.72241942956081751,1.0238193878556081e-16,1.0335112807626889e-18,-2.8904378317678129e-17,5.8726934411479324e-18,1.8451952849316264e-18,-1.0264059139565155e-18,-5.3878528715730793e-21,6.2890360063792119e-20,-1.4097863423531759e-20,-3.9850818391241467e-21,1.5168794776405663e-21,-2.4387411846296739e-19},
{-0.32255002281908435,0.26953268505983136,0.40232416190930298,0.81329507757505992,4.3368255573806843e-19,1.7499135863402094e-17,-1.791408521052566e-18,-1.3213384871919709e-18,-2.0684375167032298e-19,-1.6509928327148824e-21,-1.4383311020133396e-20,-3.2411477059805167e-21,3.8132336796584941e-23,-4.4063411216849318e-22,3.0358766657975874e-21},
{-0.0012574370828609756,0.001050752966238102,0.0015684305835547076,-0.0016228011019959331,0.99999611064857363,-8.2027951719723723e-20,7.041710540142984e-21,6.8711893949005598e-21,-4.6777278436760408e-23,-6.8190352303027074e-24,3.2152560161113177e-22,-6.8791981576346563e-25,3.1302542060566621e-24,3.3888369972128431e-24,-2.2596702486451837e-22},
{0.059306239049160187,-0.049558111055184137,-0.073974054358784555,0.076538406092841529,0.00036687840233519267,0.99131041592087332,-1.735240364983038e-18,-3.2563865378778146e-19,2.1703412947488068e-19,1.0596343498874113e-21,-3.0509450786210557e-20,3.3910097121190821e-21,6.3602133687621645e-22,-3.1797251651018554e-22,4.0717057374093497e-20},
{-0.010907935374611861,0.0091150051216313168,0.013605722050167218,-0.014077371971681898,-6.7478328876931202e-05,0.003210483617837405,0.99970212253199464,5.4212131464875858e-20,-1.3554637584616816e-20,-1.5882829907017505e-22,4.2353505769490072e-21,1.0584619265149892e-22,-1.0588766035358072e-22,7.9413173300638571e-23,-3.3888146686361068e-21},
{-0.0038597148943093872,0.0032252960639600962,0.0048143123553051562,-0.0049812031705191075,-2.3876847640258974e-05,0.0011360125461088229,-0.00021083612060870252,0.99996268656949172,-1.3552649298374086e-20,-9.2645281380280625e-23,1.270569805959073e-21,-5.2943179872581647e-23,-3.9705608751081441e-23,2.6470201279094426e-23,-5.0822766955675203e-21},
{0.0018968389512040314,-0.0015850567647637665,-0.0023659714380120326,0.002447989153715011,1.1734165832502778e-05,-0.00055828808746798434,0.00010361443185375365,3.6675708364759371e-05,0.99999098756987126,2.6469779606126524e-23,-9.5291212516904908e-22,5.2939580332873506e-23,2.6469785113595539e-23,-1.9852337177653699e-23,2.1175845682021783e-21},
{8.1745016876412845e-06,-6.8308641544629114e-06,-1.0196246497713385e-05,1.0549705053066703e-05,5.0568846838562742e-08,-2.4059643599685706e-06,4.4653044873148844e-07,1.5805540039804716e-07,-7.7679190673412029e-08,0.99999999983261756,-1.2407709960913057e-24,-8.2718058682672255e-25,-7.75481761810687e-26,-1.2924699870654322e-26,4.965649249737915e-31},
{-0.00015766784477954727,0.00013175208353609108,0.00019666277793617393,-0.00020348020250478149,-9.7535989332259938e-07,4.6405668473487746e-05,-8.612573117010699e-06,-3.0485349797168034e-06,1.4982577587833801e-06,6.4568586346248796e-09,0.99999993773082096,3.3087224566609667e-24,-1.6543612219769834e-24,1.0339757644113123e-24,-2.6469801389284938e-23},
{2.7894908175128627e-05,-2.3309840235717398e-05,-3.4793969180372252e-05,3.6000121472223984e-05,1.7256260907212286e-07,-8.2101830127973091e-06,1.5237535376126338e-06,5.3935286200410523e-07,-2.6507473773344743e-07,-1.1423602508455912e-09,2.2033574258186409e-08,0.99999999805088791,-1.0339757658269366e-25,-7.7548182416713583e-26,-6.6174504042926497e-24},
{7.2368249476483409e-06,-6.0473127312152872e-06,-9.0266604432392717e-06,9.3395746475641472e-06,4.476822029756217e-08,-2.1299821773475401e-06,3.9531005249533056e-07,1.399252588620089e-07,-6.8768804076262481e-08,-2.9636452325346546e-10,5.71620881045508e-09,-1.0113230782107929e-09,0.99999999986881527,1.2924697071481951e-26,6.6174504027346025e-24},
{-3.2486168943920151e-06,2.7146438453899345e-06,4.0520755756813378e-06,-4.192543029021542e-06,-2.0096492293596808e-08,9.561508169868956e-07,-1.7745501989469e-07,-6.2812568105438532e-08,3.0870374832249805e-08,1.3303828738492616e-10,-2.5660110128200958e-09,4.5398379280014699e-10,1.1777781177025072e-10,0.9999999999735647,-1.6543626007139313e-24},
{0.00057615377229998399,-0.00048145175095047962,-0.00071865002998771894,0.00074356243294512508,3.5641844579892599e-06,-0.00016957675158486534,3.1472279573005486e-05,1.1140032585643204e-05,-5.4749708845689867e-06,-2.3594813925111925e-08,4.5509118891542588e-07,-8.0515641975632599e-08,-2.0888314242842472e-08,9.3767820896944862e-09,0.99999916849681025}
}
B={
{1,0,0,0,0,0,0,0,0,0,0,0,0,0,0},
{0,-0.75998795376379735,0.52805632414982118,0.37891269266058575,3.5900167935335549e-17,1.4209794119678064e-16,1.1485291256754027e-17,-5.8358647521561301e-19,-5.2115749458600939e-18,1.7691744214966556e-18,3.2370212594058093e-19,1.3312535602396944e-19,-3.8671662856397948e-21,7.8305544624032219e-21,0},
{0,0.61296441698338666,0.73732475319971125,0.2018844329990073,0.19330800692231159,0.044150089886423549,-0.022273021360665751,-0.0072969163481932438,0.0014184862086437167,-0.00095866938129641468,0.00016099932979459633,-4.5019583776714527e-05,-9.8019231225633908e-10,4.8560229268615122e-07,0},
{0,0.12976831234340269,-0.40291280870345675,0.8217803650008505,0.28978516003642779,0.026872858380450459,0.24621708821190016,0.010541138357004522,-0.0075633595633213284,0.0030534305182392152,-0.0006144388785544419,-0.00014191808078354976,1.4397677196563938e-05,6.6362366098575584e-06,0},
{0,-0.16926570785448344,0.0093452394455782965,-0.35252108026978168,0.83785191931478809,0.27364083025724495,0.26405362536592786,0.015437426599048875,-0.012259325828756384,0.0015480854526898321,-0.00043282070005240005,-0.00016037299893120846,-4.6002824586590911e-06,2.1558305687660749e-06,0},
{0,0.028840086726017958,0.12130880781833744,-0.11121233324326389,-0.31516828722391621,-0.065263695783018605,0.93064644567965304,0.0084453492048751962,-0.047708706220044431,0.0062786865669273136,-0.0020294861397368294,-0.0002184395887462016,1.8851584341971189e-05,4.6457994135873401e-07,0},
{0,0.018216231017084295,-0.017224469039839853,0.060540611034957031,-0.27678273158435923,0.95614521337160496,-0.017357215233604582,-0.035184782595441708,0.0090818542763145584,0.056952913908463458,0.004199789532164269,-0.00094288929816885563,0.00029408452867825949,-3.6984349469839071e-05,0},
{0,-0.0061646232889048993,-0.0075441210262966341,-0.0018508712813168368,0.021384070081742052,-0.030668009731517249,0.021765409864202688,-0.99040217171872857,0.1299343419492783,-0.0065722570048636448,0.013439356697367367,-0.0051678527354864492,-0.00045250947606696745,-4.7876633920978577e-05,0},
{0,-0.00045012079393966638,0.0036242822151534839,-0.0059536446496634343,0.0071707414857043131,-0.036812824802471528,0.034114308238566565,0.1021667405997668,0.7846367313096998,0.60219955325178531,0.092247955235638016,0.011005206245235044,0.0033340735116800355,-0.0013287804391634555,0},
{0,0.00066658093304056587,9.4019021548633966e-05,0.0012059404428809706,-0.014402339814958441,0.040495191199084159,0.032845622093455568,0.08285485521035614,0.58249143295314987,-0.79383989510271313,0.14276880367798775,-0.016265877909700178,0.0090242422965837212,-0.00021715329962976196,0},
{0,-7.8062018272393268e-05,-0.00030327559121548443,0.00026607818191620974,0.0021079147914142638,-0.005794548573430776,-0.005865457551940052,-0.0084304265337949713,-0.15820738837389944,0.055504605895209697,0.97733254741289199,0.12846565310758148,-0.007880751792056901,-0.0012481303836096556,0},
{0,-3.8105726983084038e-05,4.9765422757252974e-05,-0.0001457825001840027,0.0006434980868241741,-0.0026546854529036898,-0.0013392921923592374,0.0036913944122572489,-0.022825454546626437,0.027306939268068823,0.12522644005561703,-0.98639131405820957,0.10030403866973152,0.00019250584488559081,0},
{0,1.2730244487388659e-05,1.5031665341301192e-05,4.5848728389306485e-06,-0.00015547112544859006,0.00031692309099900172,0.00032742755148388859,0.0019701596131728658,0.0067803396084953685,-0.0028659569810551904,0.0064462339372166957,-0.1005509599703613,-0.99455401731722948,-0.02553344243049209,0},
{0,6.4736910982631675e-07,-6.0750362662265393e-06,9.7646611385528281e-06,7.954050704145315e-06,5.6187602225600813e-06,-5.1552530409228268e-05,-0.00014404662910743151,-0.0011561896025473932,-0.00062061758290682801,-0.0015152073877086813,0.0022070970855068354,0.025425486943427611,-0.99967226224774763,0},
{0,0,0,0,0,0,0,0,0,0,0,0,0,0,1}
}
r={[0, 0],[-1.7190000000000002e-06, 1.7190000000000002e-06],[-9.5500000000000002e-08, 9.5500000000000002e-08],[-6.3666666666666668e-08, 6.3666666666666668e-08],[-4.7750000000000001e-08, 4.7750000000000001e-08],[-3.8200000000000005e-08, 3.8200000000000005e-08],[-3.1833333333333334e-08, 3.1833333333333334e-08],[-2.7285714285714287e-08, 2.7285714285714287e-08],[-2.3875e-08, 2.3875e-08],[-2.1222222222222225e-08, 2.1222222222222225e-08],[-1.9100000000000002e-08, 1.9100000000000002e-08],[-1.7363636363636365e-08, 1.7363636363636365e-08],[-1.5916666666666667e-08, 1.5916666666666667e-08],[-1.4692307692307694e-08, 1.4692307692307694e-08],[-2.3875000000000004e-07, 2.3875000000000004e-07]}
iterations=4
