S=8.3637733062744146e-05
a={0,0.67922552005853531,-0.58018181377675848,-0.09172888906332273,0.076703870609876865,-0.011162432292872419,-0.0060121514911480036,0.0017812979801165832,0.00011297244425110951,-0.00015571574662686576,1.6916928087630827e-05,7.4110359288895639e-06,-2.3346858492695903e-06,-1.0149717767824462e-07,0}
E={
{-0.45159151771348832,0.36746962307116582,0.55915310917955918,-0.57450352969383278,-0.0047505836397485467,0.13265416849017206,-0.024636135324714568,-0.0087873392814135191,0.0043431831465157618,1.4044784928956044e-05,-0.00036350491950661756,6.5380614154310267e-05,1.6654481074640421e-05,-7.6354165167594209e-06,0.001348692692190715},
{0.63116305028884745,0.77565018142850817,-1.5393163975170309e-16,1.2698587789369688e-16,1.311671800402904e-18,-3.5491100117956606e-17,7.5072538030236547e-18,2.0911470891965824e-18,-1.2541545814687276e-18,-3.5731716386128392e-21,1.2058248312747167e-19,-1.5801256468665211e-20,-4.8480608774661927e-21,1.6753321632190429e-21,-3.0243148756796819e-19},
{0.53727805111608973,-0.4371945778071531,0.72124420061787786,0,0,-1.0501212301043217e-17,-2.5685322283827444e-18,-2.0516268928225932e-19,-5.7676416424993445e-21,1.675414761697104e-21,-1.3069802363244214e-20,-8.6823542647600364e-23,8.2491628379254389e-22,-8.3689333765458433e-22,5.2419133521148301e-20},
{-0.32438218566966831,0.26395668391331617,0.40164462919503274,0.81472980703816089,0,-7.000808200695215e-18,-4.3152301237276168e-18,-4.2647041047468397e-19,4.3012943290043354e-19,3.3766605466029517e-21,-1.325563116410524e-20,3.3347317383455531e-21,2.5274961859732183e-21,-8.4079667131622017e-22,5.3108604432535712e-20},
{-0.002185344334958911,0.0017782611664498784,0.0027058570225304158,-0.0027801408679842803,0.99998850553988339,-1.640814422037941e-19,2.7649894994168701e-20,2.3915109424859764e-20,-6.8747348810916546e-21,-2.0170973326258813e-23,2.2000520574315652e-22,-1.0736243503212218e-22,-2.023018175780823e-23,1.7322783366297572e-25,-1.3011489220255037e-21},
{0.060482660285875671,-0.049216027108137723,-0.074888624395631112,0.076944540489695554,0.00063625627402692916,0.99115612154864274,-1.0845313770024469e-18,-5.4235682665635998e-19,2.169792256362584e-19,9.5336749570311504e-22,-2.7116843474229794e-20,5.9313513843248269e-21,2.1229846212655758e-22,-3.1788502704145875e-22,8.1358984758695969e-20},
{-0.011129938992637707,0.009056668086100967,0.013780905416962625,-0.014159232372039745,-0.00011708303636333968,0.003269398880409041,0.99969645459421574,6.7765252211301296e-20,-2.5863163123900045e-24,-8.3635101662415319e-27,8.4724946627365341e-22,-6.3531366534358631e-22,7.9399415441807738e-23,4.5494619396945933e-27,-6.7770733416612818e-21},
{-0.0039685237264326049,0.0032292721645546764,0.004913760098336239,-0.0050486574682648347,-4.1747471219567522e-05,0.0011657464642580739,-0.00021649894590306204,0.99996138978498572,-1.3552654980412074e-20,-7.9410165513934801e-23,2.3293621557954252e-21,-1.5882258180134224e-22,-6.6175443619110538e-23,2.647023559799543e-23,-5.0822828514127793e-21},
{0.001961367004065889,-0.0015960060484253565,-0.0024285320152125653,0.0024952024620971199,2.0632889758947149e-05,-0.00057614790983185271,0.00010700046621392501,3.8165458481953559e-05,0.99999056831715205,3.3087224505384655e-23,-6.3527475258098725e-22,7.9409354103269799e-23,6.6174488414998056e-24,-3.3087242575551757e-24,1.2705508956896536e-21},
{6.3425181468298833e-06,-5.1610419180111902e-06,-7.8532005202049403e-06,8.0687942965588624e-06,6.6721056001443037e-08,-1.8631029102618041e-06,3.4600989884822129e-07,1.2341653168533734e-07,-6.099919250312162e-08,0.99999999990137167,-8.2718066720335872e-25,5.1698808054004712e-26,-2.5849389081820077e-26,-1.2924699389888888e-26,1.6543631393690772e-24},
{-0.00016415604849382109,0.00013357726816992145,0.00020325529002558805,-0.00020883525394320171,-1.7268637867447326e-06,4.822053395917845e-05,-8.9553733106873857e-06,-3.1942470941771889e-06,1.5787714234024305e-06,5.1053580624287552e-09,0.99999993393196396,-9.9261673718516541e-24,-1.6543612361440413e-24,1.2407709240312451e-24,-2.6469803768144253e-22},
{2.9525384553847908e-05,-2.4025433400450356e-05,-3.6557840272545672e-05,3.7561462021337585e-05,3.1059664169286695e-07,-8.6730268034577804e-06,1.6107285917720154e-06,5.7452268546256245e-07,-2.8396049872227004e-07,-9.1825833687736862e-10,2.3766218174314142e-08,0.99999999786268357,-2.0679515316693898e-25,-1.5509636483192253e-25,2.6469803672577202e-23},
{7.5210360672628226e-06,-6.1200270163071829e-06,-9.3124218155260592e-06,9.5680755685461739e-06,7.9118649251879732e-08,-2.2092903576641821e-06,4.1030279592785105e-07,1.4634884199201702e-07,-7.2333593104371569e-08,-2.3390903031674161e-10,6.0539968157047657e-09,-1.0888821819419982e-09,0.99999999986131383,1.2924697071517216e-26,4.9630881890456974e-24},
{-3.4480956052678192e-06,2.8057887331378093e-06,4.2693746512242975e-06,-4.3865817187579721e-06,-3.6272750767357703e-08,1.01287167152156e-06,-1.8810749673519459e-07,-6.7095117533768129e-08,3.3162072654065163e-08,1.0723797788688752e-10,-2.7755165149918037e-09,4.9920912925166482e-10,1.2716413118706471e-10,0.9999999999708501,-4.9630881891792335e-24},
{0.00060905873372613258,-0.00049560404598329906,-0.00075412639803389364,0.0007748294168326631,6.4070832657247474e-06,-0.00017890987034742533,3.3226605895410351e-05,1.1851431051358223e-05,-5.8576246979816999e-06,-1.8942116024670274e-08,4.9025687439591065e-07,-8.8178436717948333e-08,-2.2461797346295369e-08,1.0297839823731017e-08,0.99999909051359737}
}
B={
{1,0,0,0,0,0,0,0,0,0,0,0,0,0,0},
{0,0.7215635596309774,-0.5810615529843508,-0.37644853706195658,-7.4956229309102914e-17,1.4308572482424045e-18,-4.8086608044385709e-17,8.7283934600955156e-18,-1.2846193255075082e-18,1.9030976599398271e-18,1.242134494529947e-18,1.2748156290150641e-19,5.3773067243646584e-19,-1.9148322785563737e-19,0},
{0,-0.66204861999689257,-0.69451566745429671,-0.19698258670234337,0.18666464285634038,-0.01899404020445148,0.068997850956644874,-0.011593696967513847,-0.020920287772052286,-0.00048314802047670142,-8.0303668137317103e-06,3.329148094840275e-05,-1.4472110226508705e-05,2.5915665504570462e-07,0},
{0,-0.10190265887462403,0.40599374447457875,-0.82198911796763863,0.3232570987884531,-0.1294010579569731,-0.16173664583093159,-0.0087672458044151004,-0.040479980362969521,0.0012051472809976246,0.0017521891730090525,0.00049096285626821937,-0.00017938559104973994,1.6306753306307039e-06,0},
{0,0.16986567877189906,-0.020369593422577308,0.35703385241060387,0.9088188584262431,-0.11372586387124449,-0.057271499755165593,-0.016307350332431834,-0.028624450800523244,-0.0021718873122714539,-0.0014137971035237656,-0.0004752410232076353,0.00011904461069853289,-6.5164945687182068e-06,0},
{0,-0.038147055063417784,-0.11983904183608467,0.11185681645909315,-0.11759316220079823,-0.14729843913629651,-0.96496343483828273,0.069111767353539064,-0.0042009030457721298,0.010379498035468776,0.0090169449874270384,0.0028134789041806244,-0.0010033494237269278,2.6211654427301484e-05,0},
{0,-0.017210745601911291,0.018512353994912242,-0.061563432290039202,0.14204418568635008,0.87284422529484662,-0.15575339078243883,0.080368006909687706,0.42689525373615544,-0.019165641668088415,-0.014099054084950692,-0.0035104735951031469,0.0011458411153919682,3.394249418062663e-06,0},
{0,0.0068717273231390071,0.0071806730601110197,0.0020878683563253378,0.015488267490623773,0.42999299297985266,-0.079900057462509666,-0.21154813514440174,-0.87381863759854272,-0.007828772452338555,-0.0019391431152641974,-0.0014588390051409931,0.00041465776169291032,-5.8953370710549961e-05,0},
{0,0.00017738488155597966,-0.0037222081863159634,0.0060853644264661985,-0.021507401107852292,-0.034868983019225065,-0.062404959098794795,-0.92958513372512741,0.2158534990756858,-0.26340431882193915,-0.11813860489703835,-0.017377282160550497,0.0035881548004192245,0.001274756478688793,0},
{0,-0.00069369648072236246,-4.5120972337952072e-05,-0.0012600076583551428,-0.001210851360682393,-0.017002475573336027,0.0069577703717200986,0.2504676617997329,-0.062177097914489318,-0.60660970047044138,-0.68399218965664454,-0.29508192352091317,0.10077843864714579,-0.0029406821019132825,0},
{0,0.00010537568458488697,0.00030503435919195649,-0.00026885078419466819,0.0008993092846492839,-0.0028082331029299257,0.0077186026952293834,0.12799901522386931,-0.028273436949459239,-0.74063634810804335,0.53035654082929207,0.38528585096817586,-0.066950130083806597,-0.00080576819692146947,0},
{0,3.5442439913983547e-05,-5.4632140875357191e-05,0.00015226147556206957,-8.5288973931181878e-05,0.00059823500436020959,-0.000535037301834698,-0.015874989710730949,0.0054139462533760244,-0.090643228484939359,0.45685133971080766,-0.7044178644144844,0.53530779109656845,-0.0054492805331361246,0},
{0,-1.4543361080776332e-05,-1.4485341973370804e-05,-5.5175777919027744e-06,-3.7883033447246366e-05,-8.6065307886828229e-06,-0.00054877091876014865,-0.005844287850886456,0.00071367546973166013,0.073030508020337725,-0.16670336595242446,0.51652808134401751,0.83340837727238881,-0.073964737612181225,0},
{0,-1.5604596815919903e-07,6.3934167760775598e-06,-1.0167567112645996e-05,3.0257402103403852e-05,2.0590652812011003e-05,8.394171938174554e-05,0.0014953812416946997,-0.00045271443063013008,0.0028701264444651571,-0.011305633692855515,0.033924617756375737,0.064977064038094196,0.99724049097230194,0},
{0,0,0,0,0,0,0,0,0,0,0,0,0,0,1}
}
r={[0, 0],[-1.3752000000000002e-06, 1.3752000000000002e-06],[-1.0982500000000001e-07, 1.0982500000000001e-07],[-6.3666666666666668e-08, 6.3666666666666668e-08],[-4.7750000000000001e-08, 4.7750000000000001e-08],[-3.8200000000000005e-08, 3.8200000000000005e-08],[-3.1833333333333334e-08, 3.1833333333333334e-08],[-2.7285714285714287e-08, 2.7285714285714287e-08],[-2.3875e-08, 2.3875e-08],[-2.1222222222222225e-08, 2.1222222222222225e-08],[-1.9100000000000002e-08, 1.9100000000000002e-08],[-1.7363636363636365e-08, 1.7363636363636365e-08],[-1.5916666666666667e-08, 1.5916666666666667e-08],[-1.4692307692307694e-08, 1.4692307692307694e-08],[-2.3875000000000004e-07, 2.3875000000000004e-07]}
iterations=5
